all-repos/anope-095751363dd9d3576ca7b8cfd3b3efbe9ce09bba-e4a3649-f4543ed/	196	1	0	291	393	0
all-repos/anope-09879c5c15c893f3bdae858853285473d76c57b4-0a390ad-d7de7ee/	99	1	0	10	105	0
all-repos/anope-0c7050c506446cd73c0cf4f578945419139c5438-a0dc6f4-3a8ff5d/	195	2	0	291	393	0
all-repos/anope-1f6f9f5dbbdeb4442a2753cbdef51f8dbf1bd404-bd4cb37-71bb3fe/	198	1	0	291	395	0
all-repos/anope-23a0628fba15be8bae73c8413e406780427fe60c-639930c-aefde6e/	196	1	0	291	393	0
all-repos/anope-2a5e7827bde932cc632e2457964631982dd96fca-72bb1b1-83c2f8e/	196	1	0	291	393	0
all-repos/anope-2a5e7827bde932cc632e2457964631982dd96fca-94b63d0-39eb9f8/	195	2	0	291	393	0
all-repos/anope-2e370f6ed5d8ecb7a649c02fb083d3c6c80d5c48-d657a61-97a1308/	174	13	0	261	384	0
all-repos/anope-34bf21f7d199e3c744ca7a38f2ebd81cbbdaa2ec-2309ad5-1f6f9f5/	197	1	0	291	394	0
all-repos/anope-36a465473ec59b341b6f9582afe9126c8e7ffa4e-c8b3570-2e370f6/	180	2	0	261	379	0
all-repos/anope-4ccc4788301ef5332c969892cf89594a66d570fd-f29e1cf-ba46b8e/	300	3	1	46	340	0
all-repos/anope-65db59b3ecc65d137167284734c9b6a7671a53da-06a9c66-46aeb8b/	189	8	0	291	393	0
all-repos/anope-71bb3fefcc64e968f83f3cabe40df88c913e7847-645a9ba-beac29b/	125	77	0	291	398	0
all-repos/anope-830361e97d03c74e54cb1cf1bbf329dffdeb66f7-cbe1305-ecdd046/	178	4	0	257	378	0
all-repos/anope-8656b65e392e8d26de218bf372da949c3a00d8d4-92b9d78-34bf21f/	196	2	0	291	394	0
all-repos/anope-95cd7a6aee8edb833aff92207ebed67a06913550-c5138fd-65db59b/	194	3	0	291	393	0
all-repos/anope-97a13081e9483f2070abdb7fad8ec486a46139ac-f3a0a48-7592a69/	52	147	0	261	394	0
all-repos/anope-99acdcf168f16764012869e7c9f85e6bfae6f23b-49bbc2f-d4bf095/	196	1	0	291	393	0
all-repos/anope-9a947fa4359c667be58ebae4634d9ac0e53d5db4-8ab1c71-c46ec39/	274	53	1	78	366	0
all-repos/anope-b50fbec705dffd85a28946b99ac510b978934a05-24e4b2e-0c7050c/	196	1	0	291	393	0
all-repos/anope-ba46b8e4abd8fef991732d5c52c858a229894a25-148b26f-9a947fa/	284	45	1	46	364	0
all-repos/anope-bdf4650ff8e38ce79187de67189befd1900b3d7f-c632733-6d29538/	196	1	0	291	393	0
all-repos/anope-bdf4650ff8e38ce79187de67189befd1900b3d7f-f1cf3c6-8656b65/	49	150	0	291	395	0
all-repos/anope-beac29b1d00235065090aa03b177e8671100bbc2-aadf64d-c593661/	201	1	0	291	398	0
all-repos/anope-c46ec39e5088119cd21f5f7e16e64e61a876ca20-162fdbe-830361e/	269	55	1	88	362	0
all-repos/anope-ecdd046c80d696a882b12af615ed9f217afd40a9-f793e41-36a4654/	178	4	0	262	378	0
all-repos/apache-9975a0af7b2bcdb60c3a22bed063e68cdd295309-49420ac-3a035ae/	36	1	0	0	0	0
all-repos/apache-ac6e01d600ff65e6cb7ba3349b18ef491d94baa1-68cc2d8-f5d9abb/	1901	2	7	1155	197	0
all-repos/bind-03958ad4b9fd6b2d6f1fbf20e85d8ff2a1f9d069-8462dfb-53402b5/	8	1	0	15	0	0
all-repos/bind-eeb29e6ef9e1d0d75affa744ec79e5036af3bb20-bcb7c7f-164616c/	192	3	0	49	418	0
all-repos/bitcoin-05563e9ef26e40c05092bf840a01d78bd2e7efb6-18cb92a-5284e1b/	2	1	0	0	0	0
all-repos/bitcoin-1483aac5f9a9de9fefbcbbe3edc34429b69aca9e-bb8bc86-4c23743/	16	1	4	0	0	0
all-repos/bitcoin-1653f97c8f3c37cd96e03cf397c31c5caf81af08-5204ca8-31ac53f/	148	1	0	14	2	0
all-repos/bitcoin-1d84107924ab36e38092cae43f6ad50dd5ead9ed-0b0fc17-5ad5463/	8	1	0	1255	71	0
all-repos/bitcoin-2ca7faab4205822b06dc2ab2bbda0a9a70fce7e0-bbc901d-619bb05/	4	2	0	1495	60	0
all-repos/bitcoin-2f9f082b5ef3c495c70598ef23383effef675f9a-6cf73b0-313e7f5/	4	2	0	1222	50	0
all-repos/bitcoin-313e7f5c89d6e72e06efe9255089765b4c5815fe-1b0241f-9827091/	2	4	0	1274	51	0
all-repos/bitcoin-3650668cdbbf369dd8f30c8e8eb5bb883325942d-f560d95-2ca7faa/	5	1	0	1401	61	0
all-repos/bitcoin-4b825dc642cb6eb9a060e54bf8d69288fbee4904-0917306-2f9f082/	6	0	0	1154	51	0
all-repos/bitcoin-4b825dc642cb6eb9a060e54bf8d69288fbee4904-249c681-a35ee96/	12	1	0	102	90	0
all-repos/bitcoin-4b825dc642cb6eb9a060e54bf8d69288fbee4904-423ca30-a545127/	0	1	0	1317	0	5
all-repos/bitcoin-4b825dc642cb6eb9a060e54bf8d69288fbee4904-64753f0-c25e981/	1	0	0	135	0	443
all-repos/bitcoin-4b825dc642cb6eb9a060e54bf8d69288fbee4904-7a7e109-d48555b/	8	0	0	1010	47	0
all-repos/bitcoin-5a701eb7ea16b87b56263996ee8e98ec89e2a3d8-caeddc5-ca4c4c5/	56	1	0	2	1	0
all-repos/bitcoin-5ad54630935d1f340666de7bc9ffef9b8a1df296-2c2d471-b213535/	3	6	0	1372	71	0
all-repos/bitcoin-7464e647decace52bc075d9ac8788974504e0bb9-f077d1a-f92f022/	15	1	0	138	3	0
all-repos/bitcoin-755e2819b059d3e9d8148c4802c6f12e7af3fad5-434a483-a8fe4b7/	17	3	0	10	2	0
all-repos/bitcoin-7873633b5752621548b8d38fc175f5a5f2f1e5d6-8e4fd0c-9d09322/	4	5	0	1114	45	0
all-repos/bitcoin-7b49f22bdbdecca600c4744d020b3553fe427e61-75171f0-e7c1b44/	6	3	0	1483	77	0
all-repos/bitcoin-865ed8a1e5c587468a40756d46bcbc1c5a12bb06-f662cef-e4dde84/	29	1	0	8	3	0
all-repos/bitcoin-982709199f1b4e9e35211c419a81938f9f1dd4ed-1445835-60ab9b2/	4	2	0	1336	55	0
all-repos/bitcoin-9d09322b41776a0d6ecde182f731eff77d0f052b-b6ea3bc-a591d98/	7	2	0	1115	46	0
all-repos/bitcoin-a078121373a3ab89df5ab0ed00d821ac66789842-8f66aed-d38c648/	25	1	0	1	1	0
all-repos/bitcoin-a357424a257a9367d0d8f011d7a202d449428c55-c993ac6-c1f74f1/	2	2	0	0	0	0
all-repos/bitcoin-a591d98c322093040d59e152591f0978962f9da7-38ed190-1d84107/	3	6	0	1260	46	0
all-repos/bitcoin-adae78ea9940f4d44382967d1296e7db0b54a4de-317f57e-84d6d69/	0	1	0	604	135	0
all-repos/bitcoin-b2135359b3ad37cf2ac09b008079ddb237eff2c9-76fcd9d-7b49f22/	5	4	0	1419	75	0
all-repos/bitcoin-c7eb151ad0ed441d6fd598551059a9bbfb09e99e-a8b95ce-4dcad1d/	12	13	0	23	1	18
all-repos/bitcoin-cde87ee75cd95b076259e146705bf34b66cd83aa-5d0f7c4-ffe8b77/	74	1	0	0	0	0
all-repos/bitcoin-d48555b36ac512161b81f9b6bca7bea16a0cd806-ffe3291-87bddb7/	4	4	0	1078	47	0
all-repos/bitcoin-e7c1b4490f2c559b050b8255df2d347dd0e4945f-bbc901d-fd86f99/	7	2	0	1481	77	0
all-repos/bitcoin-ecae2acb06d44509425a9cdad38ed9a5bce15cbe-1a9576d-7873633/	4	4	0	1094	45	0
all-repos/bitcoin-eef2091fe9ee39ecd8e874c91d3ab0ff023c5356-f679b29-fa9e5ad/	134	1	2	22	0	13
all-repos/bitcoin-fb9857bfd68c13b52e14bc28dd981bc12501806a-dc6dee4-634ad51/	2	1	0	1422	139	0
all-repos/dnsmasq-043c271f8a4bc7be157f938f5d581e79d9c1f4d2-8584c50-f65b0e5/	7	3	0	0	0	0
all-repos/dnsmasq-50f86ce8e42a1f93bb1fa759ebb883df96c5b078-15a97ad-7ea3d3f/	17	1	0	0	0	0
all-repos/ffmpeg-0711d142997b2662ba9198e607015b06c6eed0d8-75aa14b-1213148/	3757	1	0	2828	212	0
all-repos/ffmpeg-077011b5af2b3150efc52a9b58f5ef9bb0235087-643e336-fbd6317/	3744	1	0	2728	213	0
all-repos/ffmpeg-0af8a72174108b9bb482f1073a1e9a3bc258af51-12f4e2b-9dc79b2/	3744	1	0	2728	213	0
all-repos/ffmpeg-0ccddbad200c1d9439c5a836501917d515cddf76-d2ad6f11-5c22c90/	3744	1	0	2728	213	0
all-repos/ffmpeg-0e702124ee149593168cbbb7b30376249a64ae66-27aa698-4723c62/	3744	1	0	2728	213	0
all-repos/ffmpeg-14bba662d489a58fe88240fc4d14238bf17ca203-4aefe01-192fe52/	3744	1	0	2728	213	0
all-repos/ffmpeg-156ea66c91b1986a87916f187216978d686725f6-0a319bc-90b15f6/	3763	1	0	3037	217	0
all-repos/ffmpeg-17b6c7efb471e8ff1b8a7271f6531ba1d52bf69c-ccf7bca-cd4663d/	3744	1	0	2728	213	0
all-repos/ffmpeg-17ee5b0c13bc17465b71bc9ca1cde9f0eed8b3ff-91bcf0b-8c7554e/	3759	1	0	2841	214	0
all-repos/ffmpeg-192fe52e42f64a493c47cad1461b20fe1149dbea-e557819-9b0aff5/	3744	1	0	2728	213	0
all-repos/ffmpeg-1d12a545ce828eaf4fb37295400008ea37635ab8-cacb476-254e728/	3753	2	0	2787	212	0
all-repos/ffmpeg-1ff6cb2ca6652e7d2a929afd33d8ed6268c45568-bec3b20-70ab277/	3736	25	0	3040	217	0
all-repos/ffmpeg-2124a97a4998413c7e81539b16b01ef6ac570ea9-a959e38-a2fc8db/	3756	4	0	2842	214	0
all-repos/ffmpeg-21733b39d0af5211d7b9f168ff3667ea86362e2b-c8bc9d1-97c9a50/	3757	4	0	3040	217	0
all-repos/ffmpeg-23be4eebf8aaa7519b12b2a49e5c5c6c4d076e6a-41cd5af-25c2a27/	3758	1	0	2944	217	0
all-repos/ffmpeg-254e728d207c173a3714e6a01c9d68fcb3af8b73-d09368a-c8e135e/	3753	2	0	2787	212	0
all-repos/ffmpeg-25c2a27c9ec0150210d75ee5ac8ed1bfa14c1a56-73d193d-5cb62f9/	3758	1	0	2944	217	0
all-repos/ffmpeg-2651352988212531038326c44754ece1728c4a3b-d28eb0e-1d12a54/	3751	4	0	2787	212	0
all-repos/ffmpeg-29a8ed766354c45c9be4b8512c5b2eb25a450cdc-ae7e66f-cca5e4f/	3759	2	0	2849	214	0
all-repos/ffmpeg-2a9e1c122eed66be1b26b747342b848300b226c7-bd10c1e-a2041a6/	3759	1	0	2950	217	0
all-repos/ffmpeg-2beba58e0e4bda688bf96e12413231607ceafdd4-aa6f43c-c6558e8/	3748	1	0	2773	212	0
all-repos/ffmpeg-2d6b3f3a9dce409ca51d70ef4b85c0593bb4b109-1dd7bb9-aeaa108/	3757	1	0	2828	212	0
all-repos/ffmpeg-31a53ab34e22fe1eec902f79ec1f19ab828a7a0c-23ba9b3-80a4e6a/	3756	2	0	2840	212	0
all-repos/ffmpeg-325aa63dd1a3abc2453914d0bc111d297833d725-14fe81b-5d01bd1/	3759	1	0	2947	217	0
all-repos/ffmpeg-38434a9ff5b9a1a048f32c1c7e2a9519cf12f8ba-c1c720d-fd36cf6/	3754	1	0	2771	212	0
all-repos/ffmpeg-39f3b6f3fc2b46b405b680cce3599f1b370e342d-ce265b0b-4130e05/	3753	6	0	2944	217	0
all-repos/ffmpeg-3d6e76b953afd36e23ef8532b81aea58a6338931-2060826-deefca0/	3759	1	0	2841	214	0
all-repos/ffmpeg-3ff8fbbf5a7bc40c09db74d4952364997fd3c611-7a10541-7993ec1/	3746	2	0	2766	211	0
all-repos/ffmpeg-4130e05ff496667565ff7c386a514bd46434eddf-26148e9-ad5bbc4/	3759	1	0	2943	217	0
all-repos/ffmpeg-434b44cd6fb4bb9a2bf2bb29ef55ce1a315314b8-75bf51e-2124a97/	3759	1	0	2841	214	0
all-repos/ffmpeg-44a1731011e87fbf4180d026aefb8bfe85d8c7dc-cbd5e73-c438899/	3753	5	0	2843	212	0
all-repos/ffmpeg-45d7be7f930cf707ead07416e10e2d0e061e99ce-eb01ac6-99e9697/	3743	4	0	2753	211	0
all-repos/ffmpeg-47687a2f8aca3f65b6fdd117b1cb66a7409a7fd1-efb63e4-ddea22a6/	3710	38	0	2774	212	0
all-repos/ffmpeg-49804dc2baec009577e6b4ee827ae562188fbc2f-32dbee4-a5e011c/	3757	1	0	2822	212	0
all-repos/ffmpeg-4cf84e254ae75b524e1cacae499a97d7cc9e5906-35347e7-38434a9/	3754	1	0	2771	212	0
all-repos/ffmpeg-4f6401df43d7ee9082ea591037b9f9284217d834-28e0122-b469009/	2287	2	0	1393	140	0
all-repos/ffmpeg-508378556631dc18d32247b4a4e35703758e1ca9-374f818-47687a2/	3707	41	0	2766	212	0
all-repos/ffmpeg-5292e97c42b05db7ad4e51c1ea756b12fdf721ff-44df2e8-b9ea301/	3759	1	0	2841	214	0
all-repos/ffmpeg-54307b35311e9a871b3d8ecb2b2eecfc16de0163-bbe95eb-cc06f7b/	3760	1	0	2849	214	0
all-repos/ffmpeg-5691c746cf62e69806aae1baf0a6e8252d519444-9a88a47-39f3b6f/	3758	1	0	2944	217	0
all-repos/ffmpeg-5a6707e49b7710f48d658b2f2591b9a6337fb9b7-f750a0b-3ff8fbb/	3745	3	0	2765	211	0
all-repos/ffmpeg-5b6213ef6bf5e0781c83e86926eb0b33a98dc185-7ceec9c-a674b31/	3754	1	0	2772	212	0
all-repos/ffmpeg-5c2a01f064d5ab2b309d25c7f46c6c4471838d90-c7812b3-9e48de3/	3744	1	0	2733	213	0
all-repos/ffmpeg-5cb62f9d952e24fff62737a57e89cf43d9c2333a-ce47f15-5691c74/	3758	1	0	2944	217	0
all-repos/ffmpeg-62be1caf161c1241a9e148f347850cfe092588dc-d168ff7-cbcdb2d/	3745	1	0	2728	213	0
all-repos/ffmpeg-62d5b5a9d3b0181335072d6fa792f2d805bc27b6-84522ad-9379768/	3754	1	0	2719	216	0
all-repos/ffmpeg-67c72f08a4707c18a67a4734660e3a23cc9488b6-b998a56-61a1742/	3744	1	0	2728	213	0
all-repos/ffmpeg-69062d0f9b6aef5d9d9b8c9c9b5cfb23037caddb-41317da-78fa0b9/	3754	1	0	2787	212	0
all-repos/ffmpeg-69caad8959982580504643d36aef22528e4aa6ce-23ce57a-9b4c3f5/	3758	2	0	2947	217	0
all-repos/ffmpeg-6a9c00c09d2bc50c0ea64ba092b2f4afc46aa978-f3881c0-662558f/	3749	11	0	2947	217	0
all-repos/ffmpeg-6d86cef06ba36c0ed591e14a2382e9630059fc5d-bcab11a-b128be1/	3753	2	0	2772	212	0
all-repos/ffmpeg-78149d6657302b58d5e46e8bc0a521ed009f86f7-4069096-23be4ee/	3757	2	0	2944	217	0
all-repos/ffmpeg-7b0b5bc810cdb9ef100492c9a9f2d30602c04336-68de778-34c1133/	3744	4	0	2759	212	0
all-repos/ffmpeg-7ebe7e8e7a76c0ce302f4f583ef0d14220031214-e0087a5-17b6c7e/	3744	1	0	2728	213	0
all-repos/ffmpeg-80a4e6a46f21256e9bf508ead686563616945ad5-c00579a-dd7e63a/	3757	1	0	2840	212	0
all-repos/ffmpeg-83fef16b6a8dbbcbd80d159ba3ebe818dbbb2776-10d008f-9c37d76/	3757	1	0	2840	212	0
all-repos/ffmpeg-86499771d1228d8303c8eb6509e20c0caaa02da5-be6749c-5292e97/	3759	1	0	2841	214	0
all-repos/ffmpeg-8c893aa3cd5f2d73896c72af330dcbfe299fbc5a-3c56d67-49804dc/	3757	1	0	2828	212	0
all-repos/ffmpeg-8e7e042d41ac42f01d5573a4b0f7d9060356bd46-e5233b1-762ab2d/	3736	9	0	2723	213	6
all-repos/ffmpeg-90adbf4abf336f8042aecdf1e18fdf76a96304b1-0c12643-ca44fa5/	3763	1	0	3037	217	0
all-repos/ffmpeg-91760a934055ab06812885ab5ec1a97a8db6d217-34cfb73-67c72f0/	3744	1	0	2728	213	0
all-repos/ffmpeg-93797681c2310faeeb0158f66f471965213904c6-8882e8a-7ac092d/	3753	2	0	2719	216	0
all-repos/ffmpeg-97c9a5084479eeb66f4beb100cc7589a2c8bfe81-493240a-04e8b8b/	3759	2	0	3040	217	0
all-repos/ffmpeg-9b0aff51a7ae03215c4e1a3e7220fdbcfb858b08-5e4923b-2cf3c0a/	3744	1	0	2728	213	0
all-repos/ffmpeg-9b4c3f5aadf54ffd2a6e15746b1fd736379883c4-762c2b5-8c76bfa/	3759	1	0	2947	217	0
all-repos/ffmpeg-9c37d765ef28b027414f86b0088b0c282a3c46d8-67e8f47-18dc1ff/	3757	1	0	2840	212	0
all-repos/ffmpeg-9dc79b2943d99f256a3279f09580b27a95fb9aa8-82fc222-0e70212/	3744	1	0	2728	213	0
all-repos/ffmpeg-9e48de3cc86c732d9cebd496d6f0a2b7e7732754-b449af2-d070b9b/	3744	1	0	2733	213	0
all-repos/ffmpeg-a2ca8ed903b435446031a8a0792ca535e6ee2913-77eba7b-69062d0/	3754	1	0	2787	212	0
all-repos/ffmpeg-a2fc8dbae85339d1b418d296f2982b6c04c53c57-53937c4-ea3320b/	3759	2	0	2841	214	0
all-repos/ffmpeg-a37e84be69310cd7de9540c8bc194cb0a6d158ed-ab7c8e1-eb3c1a9/	3754	1	0	2719	216	0
all-repos/ffmpeg-a5e011c8dcbf6968cc60f883d33382ba46147e90-40e32f8-83fef16/	3757	1	0	2822	212	0
all-repos/ffmpeg-a674b31240e99a369059385b03582b35629d190f-6d8bef8-97eee95/	3754	1	0	2787	212	0
all-repos/ffmpeg-abf806f7f1601c7e54de7f863bbb816af144a88c-22219a3-78149d6/	3757	2	0	2944	217	0
all-repos/ffmpeg-aeaa108bafa11db290f1ada0e22dbfbd655cf2ba-061337a-0711d14/	3757	1	0	2828	212	0
all-repos/ffmpeg-b0958698ea2b976063cb1d683becc213040c709b-b13a121-52ed83f/	3760	1	0	2849	214	0
all-repos/ffmpeg-b46900914a1f25ce8dbf49d7c53766ff1f18b60f-4e754e9-62d5b5a/	3754	1	0	2719	216	0
all-repos/ffmpeg-b46a77f19ddc4b2b5fa3187835ceb602a5244e24-91df92e-c6496de/	3745	1	0	2728	213	0
all-repos/ffmpeg-b9ea301e02472d0982b0fa0f80294bd95885bde8-3bbec8e-17ee5b0/	3759	1	0	2841	214	0
all-repos/ffmpeg-bad7ce1d82f0b7da55086b8c6124eff0d35a1b1a-c6f7eb8-3152058/	3744	1	0	2736	213	0
all-repos/ffmpeg-c194b9ad6dbe65f5abd68158c4811ed84e2a2b95-5c1aaff-22f98ac/	3759	1	0	2947	217	0
all-repos/ffmpeg-c31f6b1d61759436ef50c094e7f4c8005e97614a-52b44e9-c7ab6af/	3755	6	0	2849	214	0
all-repos/ffmpeg-c438899a706422b8362a13714580e988be4d638b-d039d7d-43778a5/	3755	4	0	2841	214	0
all-repos/ffmpeg-c6496de33456f20144b994ac38f308f2de333608-3e9fd83-62be1ca/	3745	1	0	2728	213	0
all-repos/ffmpeg-c7ab6aff66cba2f265f656ce8d56aa428d4ada76-217ad40-8f144d9/	3759	2	0	2849	214	0
all-repos/ffmpeg-cad739dace55e3446ef7180de688173cd19fb000-9471122-6d86cef/	3750	5	0	2772	212	0
all-repos/ffmpeg-cd4663dc80323ba64989d0c103d51ad3ee0e9c2f-b3e5899-0ccddba/	3744	1	0	2728	213	0
all-repos/ffmpeg-dd7e63af93b2430b5d42b87a966160c66736342c-18195e5-44a1731/	3757	1	0	2840	212	0
all-repos/ffmpeg-e1e3a12242347dd11174b2fb9ddac8dc8df16224-44ee858-f89ec87/	3759	1	0	2947	217	0
all-repos/ffmpeg-ea3320bb828553182fb34e164826f95df5743522-0ac3798-e744281/	3760	1	0	2841	214	0
all-repos/ffmpeg-ea8ae27a5e112d06fd5625f640e40849e6313f0c-b1b0e53-a507af9/	3758	2	0	2943	217	0
all-repos/ffmpeg-ec0f4fa17ce29cf01d4def21041b0b87f7e3105d-b125822-b46a77f/	3742	4	0	2728	213	0
all-repos/ffmpeg-eec93e57096aa4804862d62760442380c70d489b-f05f210-156ea66/	3763	1	0	3037	217	0
all-repos/ffmpeg-f2e9a0ecbef5027f9532c49ffcdfc11d199f6150-b4718b7-5083785/	3747	1	0	2766	212	0
all-repos/ffmpeg-f89ec87afaf0d1abb6d450253b0b348fd554533b-8822e2b-325aa63/	3759	1	0	2947	217	0
all-repos/ffmpeg-fd36cf6bf6524247a8ff6788c028836fe7d9fd20-d401ba6-5b14529/	3751	4	0	2772	212	0
all-repos/libzmq-1e089f7163c8c59b60b39742ee4bc40e1ca843c5-0fe7d3c-99ddfa7/	67	2	0	25	15	0
all-repos/libzmq-1e8451961e498abd1da61e64f5baf48890e1563e-d4c8de5-01c463c/	65	2	0	25	15	0
all-repos/libzmq-2568947a71adc0e8ddad54b6054a3b3e532e1613-7b9e397-3cf01bf/	89	2	0	31	16	0
all-repos/libzmq-3cf01bf56e66657da795e43f09fa2499b2381dc9-eeb8e7c-5b44025/	90	1	0	31	15	0
all-repos/libzmq-4706a18cf30d9f9ddf0e478990d74f37f94ef9e8-551bcda-5a3b633/	43	1	0	164	42	0
all-repos/libzmq-51a84c15ded2d70985c9d971ebdf3f3c9c18d590-ca17612-db7fe85/	63	3	0	25	15	0
all-repos/libzmq-53d1677c8b0f85e309c6a067b47c80dedcffb5aa-18d46c8-710615c/	90	1	0	30	16	0
all-repos/libzmq-7884f4541aa6f95b76e0b2429baaf11108c543a1-d10c605-4f6baf4/	184	1	0	1	1	0
all-repos/libzmq-79aea5ffa61f969ec66205f7c9c8c1611a2fd8da-214b560-ef8db78/	91	1	0	30	16	0
all-repos/libzmq-83d9af99516fc620ffdfa6cd5a226ab70673cb5d-28db150-289b1f5/	132	1	0	33	18	0
all-repos/libzmq-9129b792486b87d4f54607321427c2df783c9ec1-16c3884-c1deb22/	86	1	0	28	15	0
all-repos/libzmq-a7ea57fb68d5ce3c653c98b88d159d6f89d3d862-c22f9f3-22179af/	20	1	0	3	0	2
all-repos/libzmq-b2e2fa622dc4b647442a6c41073783fa3340a780-0efb49f-07b49ff/	3	2	0	5	1	0
all-repos/libzmq-b2e2fa622dc4b647442a6c41073783fa3340a780-3ee99ae-b3d7b29/	3	2	0	5	1	0
all-repos/libzmq-b9823a1388ef47ace152059f51f3ed580ccd5558-d03a1b0-cfe2036/	72	31	0	0	0	1
all-repos/libzmq-c06a3cc5101a36bf70c593937374371cafbacfc3-98bea86-d788c1f/	0	1	0	0	0	0
all-repos/libzmq-c34a1443651ce5a6d8f7a88d0677ec85c81e1570-762bcff-0319cb2/	30	1	0	0	0	0
all-repos/libzmq-ce0972dca3982538fd123b61fbae3928fad6d1e7-651c1ad-6a0c323/	2	1	0	0	0	0
all-repos/libzmq-eb83678b2b5eaca07d6813cab5c7dea493ac4bc8-c021702-f7123de/	130	1	0	33	18	0
all-repos/libzmq-ee3444ff93888a052cd1ba48aa22892f7077a7a0-2673a84-51a84c1/	69	1	0	25	15	0
all-repos/libzmq-ffcb0baa735538b8b4a0f00799d1185adba2761f-bd0ecf4-152c64f/	130	1	0	33	18	0
all-repos/memcached-391f2e4762bf7de554acb5c645766856e1b051cc-5310af7-df05ca5/	7	1	0	14	1	0
all-repos/memcached-49f3b0ca9b57160c96680450b47a2cb577040503-af2ec22-3f2c0fd/	6	13	0	18	2	0
all-repos/monero-2c739371acee014f7716503e588b3bccb4decd77-6f65ab1-beecd13/	9	1	0	3	0	0
all-repos/monero-38fed83b65c95ddc92a9848a2113524cebe617b3-e7c8a32-372acee/	98	4	1	8	5	0
all-repos/monero-41f0a8fe4d87a0c58dcc60917eedaa6315fb30b8-8558927-385d7c0/	11	1	0	0	0	0
all-repos/monero-59a8366bb18653f14142321a9d85377ceaef8fad-faca0db-41948fa/	91	1	0	12	0	2
all-repos/monero-63ba2447e228137efb5c82c3bd330d3005524bc8-17157f8-23accbc/	4	1	0	0	0	0
all-repos/monero-63ba2447e228137efb5c82c3bd330d3005524bc8-db909a2-00bcae4/	4	1	0	0	0	0
all-repos/monero-77224bbf4842f3c7fb53ad7685f45cf768f5ec38-9520308-7f00a4a/	36	1	0	0	0	0
all-repos/monero-8779a6da3912177061fa293a596c1a2e7f511eb5-8334ce0-14b3b6e/	4	2	0	0	0	0
all-repos/monero-8b20cbfa7dcdae314ae8090b3fe0bd83deae0116-62b3708-bb9094f/	55	1	0	7	0	0
all-repos/monero-a837c9cb0feeb7c8c4e616df64cbf650e38355f7-d608647-4e5521d/	22	5	0	6	0	0
all-repos/monero-e06530e2d97a0a44f1f954b0d9a49e522e2ca74a-78b13d6-3627cea/	89	15	1	7	0	0
all-repos/monero-efad7351451659e70f32bffb588ebe103c472ca9-8005a0c-2ff0d75/	456	3	5	159	18	0
all-repos/net-snmp-00e882f5f000f91ca8b5bbb05dc6db3b9a390793-1a0f075-9a2bfc8/	608	1	0	288	242	0
all-repos/net-snmp-01e6b9d5f47fee5f2104cf11debe14cfbfeb1348-5c28739-4964374/	577	1	0	34	4	0
all-repos/net-snmp-023f61ea783bfcc53fe90aa66545c5aea2db8061-76b12a2-690ce8e/	602	1	0	287	242	0
all-repos/net-snmp-0502932c15df8b06ef92aa9724a288d793f69047-db7c26a-3a11cec/	724	1	0	55	5	0
all-repos/net-snmp-06b41865ec302c3931b1083d3fde89f9345ec06f-845e9a5-f856d31/	5	16	0	8	0	0
all-repos/net-snmp-086ac83394a44216c2008f4ed0d0b3ef2d7251b5-dacca7b-a6bdf41/	604	3	0	288	242	0
all-repos/net-snmp-0b5fe83e17eed871fd6e812012df57eed48b7a5a-739a768-673f810/	242	1	0	29	8	0
all-repos/net-snmp-0bcc05b126c69300e0dafb6bc08fedce71c62610-bd7b35c-4c83b92/	606	1	0	279	240	0
all-repos/net-snmp-0c490ab4b8f3a7b3a226adc69b8f8a86cd864b04-7781fc9-d951bf8/	176	419	0	207	5	0
all-repos/net-snmp-0e3922ae21e4b7ec538867afd22ce74d741e0f1c-4849a43-3358b65/	864	1	0	551	229	0
all-repos/net-snmp-0fc8221b24988c4ae6180ed42b86b9852fd586ad-ab9de86-890c150/	578	2	0	34	4	0
all-repos/net-snmp-100d165db2ffdf2cc9d23a3d13cbfd8b3bce37af-c1f7a74-be5ff28/	95	1	0	11	0	0
all-repos/net-snmp-1252a58c4521abb8fc712d7ae6c2c432bf9ec42b-8b140d0-083e977/	621	1	0	49	5	0
all-repos/net-snmp-137fe582d6cc5611430dab46ef144efd84cfc803-5647022-9308382/	691	2	0	258	12	0
all-repos/net-snmp-14f8d4ad6f06d09d87096dd68137a125a039c562-f534471-ec96b35/	697	1	0	258	12	0
all-repos/net-snmp-16d82bd48caf53131234f121aab000a5a67b1936-8f8ea8e-3ebce6f/	610	4	0	281	242	0
all-repos/net-snmp-18eebc244dc7376783514b9b5072ef2dd394f01b-c6caa30-62305cd/	620	2	0	48	5	0
all-repos/net-snmp-1b9f0e117dc13ee5bfcea5e87a70be27d9e26b4c-30daef1-7b7869f/	605	1	0	288	242	0
all-repos/net-snmp-1d0840dec015ef6aa649d89a628c961fcf2cb3a0-a3773d9-6e4b10f/	25	7	0	0	0	0
all-repos/net-snmp-1d7040ae19bb226a4b78083a172d9531834da7c8-4feec9a-bee56a3/	572	4	0	34	4	0
all-repos/net-snmp-1d78f7d5b58aed2b52c4d386a7ba80a44711baca-e6ec8ec-7e890da/	576	1	0	34	4	0
all-repos/net-snmp-1d9ded2ba3ca59e4ea7ec6fa7b031c2144f4f484-d611b82-8a5b78f/	120	1	0	13	8	0
all-repos/net-snmp-1f38c1b40039d0efb4ef22f17701fcc670747de0-25b0fcb-85ec2e0/	696	1	0	258	11	0
all-repos/net-snmp-1f3f5d2450cac49016ebd9dac099d8a235e47289-dc37be7-db034f2/	98	1	0	9	1	0
all-repos/net-snmp-2236bb19c0d7a502b26746be63a9fb1d39e4bb4f-c09903a-9fcd7f5/	573	3	0	34	4	0
all-repos/net-snmp-22af7fd46776a8db2362e88acb1b69b165c034b6-d226c71-023f61e/	602	1	0	287	242	0
all-repos/net-snmp-25988be836924a33020113c94aa02614d1dbf1be-6eb16a5-250afa0/	0	4	0	1	0	0
all-repos/net-snmp-25b0fcb648af79490b325bc3a3ce6709427d1e0c-e6c0edf-7af7e9f/	609	1	0	294	244	0
all-repos/net-snmp-2793923bfe2b026fcaeaf538ae503f105cb315bc-0a38351-4bb485f/	97	1	0	9	1	0
all-repos/net-snmp-27dcea0d5f801df494ab2cb5c5c0ebe54eb0dcd3-99661d2-6df7209/	577	1	0	34	4	0
all-repos/net-snmp-28b54070514753e8d8abb718b224d657ab7a8ab8-96ea2d1-26bb247/	697	1	0	259	12	0
all-repos/net-snmp-29ec215e59e81e3c34777909a85e3a2eda0f539b-4c1e703-fa29b90/	228	1	0	27	9	0
all-repos/net-snmp-2bf919cd6de082f94a05119316737d9f5744ae15-debb6b1-8ed0bee/	35	14	0	2	0	0
all-repos/net-snmp-2bf919cd6de082f94a05119316737d9f5744ae15-e0a3ebf-e0ead2d/	116	1	0	11	8	0
all-repos/net-snmp-2dcb0a4fb18d475a313f093bff484aae8f9e3854-de2ece8-b928f85/	612	1	0	295	244	0
all-repos/net-snmp-2f3d6079dc36aad9559d91c5c324e2ce535573dd-3cb4744-26b0aa3/	544	1	0	30	3	0
all-repos/net-snmp-2f8d4f5796cbc1c7e967acdaa8019b24f1520a36-f16a094-0dbc869/	691	10	0	259	12	0
all-repos/net-snmp-303c015bcfe9af0b154e9881c7b4f449e08f30bb-f7f966a-24ff260/	688	6	0	258	12	0
all-repos/net-snmp-31fa07cd9ffde46d41d2b5838c3fc4d01548bfb5-eca1b9a-c48173c/	701	1	0	259	12	0
all-repos/net-snmp-34782b7ae6cb90c66d26ffc45ad28cde4c0c4b65-666e845-4a6920a/	523	1	0	30	3	0
all-repos/net-snmp-35a98c3d7c5a3c5df356add9e8b808287899b69a-79045e2-1bb234a/	540	1	0	30	3	0
all-repos/net-snmp-35b1a5b8869a83666fb7481564e91b2229bccb05-aea9c80-13183a8/	221	4	0	28	8	0
all-repos/net-snmp-36ee0e9e2d96b1eb3b79df4adf15386e9c7b9748-1dfe9c7-82596a6/	74	0	0	9	1	0
all-repos/net-snmp-38cf218c3f1a727786e227a5d3fb186fd0f1a15f-01e6b9d-b4cca63/	612	1	0	284	242	0
all-repos/net-snmp-38cf218c3f1a727786e227a5d3fb186fd0f1a15f-01e6b9d-cbf1c91/	602	1	0	284	242	0
all-repos/net-snmp-3a11cec502cf9f445cd5f30baca373d2f791f1d1-95f4026-e07ea3c/	725	1	0	55	5	0
all-repos/net-snmp-3aa949fbdfc1a94a8340ad8baf8b314756a0bb9d-7a20f71-2f8d4f5/	699	1	0	259	12	0
all-repos/net-snmp-3b62f09311c6ef87d7263d8d0d10e4dbac7d5464-e8592e6-367da14/	52	6	0	9	1	0
all-repos/net-snmp-3b686566296dd87bc42b7f1169daacdb3c45cc58-74a8ae6-c1526fc/	694	2	0	258	12	0
all-repos/net-snmp-3bbeec993754ab6fb3c23b3851479b8f714ac4db-680664f-f314b5c/	178	420	0	208	5	0
all-repos/net-snmp-3dc0e00a2fd8e34fe1ae33ecabf36e146460a31f-71cee00-d86c47f/	681	22	0	259	12	0
all-repos/net-snmp-3dde41998625fe0e24119a2e1f4509ba3ba2fd9a-6c28d80-1b84458/	620	7	0	48	5	0
all-repos/net-snmp-3ef1db56b8a721f9287a39bc7a5215334790e315-d538bcb-ccb0eb6/	603	6	0	279	240	0
all-repos/net-snmp-40022a697958259ccfbb3fed44eb3c472f5e837e-8fb6b26-dafbfe9/	579	1	0	34	4	0
all-repos/net-snmp-4034fd14d3aac213aa70946f3d0cc31ef7ac4a9d-0df7054-ccf3bac/	89	6	0	9	1	0
all-repos/net-snmp-418132f43cc43231966a8b9672c626f60b991039-986efaf-572ab4e/	108	381	0	197	5	0
all-repos/net-snmp-4197d532e4701a6806a54eee9593a34227c2eaba-d7de39d-91d48d1/	615	4	0	295	244	0
all-repos/net-snmp-42b5afb3cd6d06adb426f1dbaa98358f2b2e8a53-57c568d-976696a/	768	1	0	513	225	0
all-repos/net-snmp-4313b249584b15ab21dfd231b19fc5c9900bbec2-9c97695-b3e80de/	41	343	0	168	3	0
all-repos/net-snmp-43e4146c8db9fc2a2acd382c45a621e6408e8e98-37fa344-50f8aeb/	3	1	0	1	0	0
all-repos/net-snmp-46dde5ec859396fb067d5e8eeb95e23541ebc1dd-4b9db06-688594d/	573	3	0	34	4	0
all-repos/net-snmp-47950692937f3423f5285081c45beb770753933b-c0fad1f-c91f840/	620	6	0	50	5	0
all-repos/net-snmp-4897ddcbe9fd16884809c37fc4ffee82469cc297-04c8ed4-30694e0/	227	1	0	27	8	0
all-repos/net-snmp-496437430415fbafeb1ccd4774f1ca00d627ea1f-a14f351-0d46b25/	575	3	0	34	4	0
all-repos/net-snmp-4a2e5bcd56cd2afb36eb15d754e2fee888dd50c0-add7135-4b94d79/	1	8	0	0	0	0
all-repos/net-snmp-4b825dc642cb6eb9a060e54bf8d69288fbee4904-8a5ac77-38fe817/	282	403	0	259	12	16
all-repos/net-snmp-4cfc23f4bc81ed4ca4c6d07077e82c7983919db3-08e179b-efa3e4a/	957	1	0	601	230	2
all-repos/net-snmp-4e793461e96a2b4fd81142ab312d074d5c8841fa-468eda5-0886229/	698	3	0	258	11	1
all-repos/net-snmp-4e941d1e14fabdbf1c1283bc338b16504dae41dd-d8978ec-259ae2c/	603	1	0	284	242	0
all-repos/net-snmp-4fa74ecb80dcff1301ea3e4e05bc29a21f360eb9-5985278-1abb5a0/	609	1	0	290	244	0
all-repos/net-snmp-508e37d9f7cc627320de52c81b6de2bfd467aadf-ecc1f77-9ca8d93/	573	8	0	35	4	0
all-repos/net-snmp-53239e2272effdd1bce003f629aa671f4fd5db34-1c14dad-95c4987/	205	461	0	267	5	1
all-repos/net-snmp-533e0e1fd77c34c3ead38167d392afbefe6079bb-2b849b6-5e907d4/	574	1	0	34	4	0
all-repos/net-snmp-564702258bfaba7e6ed0ebe194b97b42cb9c182b-dee4d0d-03f485d/	603	1	0	284	242	0
all-repos/net-snmp-5b0ed3b76f6e4669f238b5c82cd3cc6cb6caa5cd-b7719f7-d32d4e5/	98	3	0	11	0	0
all-repos/net-snmp-5c2d3038ff82cd82a67e49f7126057285e48f6ba-cca8a85-65876b6/	582	1	0	35	4	0
all-repos/net-snmp-5c8d0a793a05a56bac783931b7cb29f1134c6915-05b184f-75f8ba9/	575	1	0	35	4	0
all-repos/net-snmp-5e4f6e3f43035a689c9fa289027eed60a22dbfaf-296925c-0837b21/	118	1	0	11	8	0
all-repos/net-snmp-5f32b4aaa8bcd22eba9c649223fe080d5479bc8e-e0ead2d-13c8590/	624	3	0	50	5	0
all-repos/net-snmp-605ef2efed22abd15a18fb6b8c84a10a82eac8e3-2aa46cf-e3b3dfa/	608	3	0	282	242	0
all-repos/net-snmp-61036a8e04183d0f67daa3d79ea31569228c498b-d617d84-1b7454b/	604	1	0	279	240	0
all-repos/net-snmp-610d63f99c57d0bd192bc3e5482ef16cc8b2554e-9c810a3-7a20f71/	608	2	0	279	240	0
all-repos/net-snmp-61b178f1ee8952aa03aa3b1ba51f4a6655e47f01-794f9a6-284f5fb/	696	3	0	259	12	0
all-repos/net-snmp-61b178f1ee8952aa03aa3b1ba51f4a6655e47f01-e21eef2-8a01ec6/	691	9	0	259	12	0
all-repos/net-snmp-627dc29bbc9e3bcefae5e2724b58d53c093a1def-a2a3a1a-a813b51/	624	1	0	50	5	0
all-repos/net-snmp-632285409850557e279386b7b88910aaa99aa31d-92907fd-6a4a8f1/	609	1	0	290	244	0
all-repos/net-snmp-6358dee72fb347e2600a0a7bd21f23270d3a00f6-e2168a6-3b68656/	693	2	0	258	12	0
all-repos/net-snmp-648bb81340235e24a63472567a7b050e32d09c9a-14be913-30daef1/	582	1	0	37	4	0
all-repos/net-snmp-64b6c68a84930ab01e3e146c49f3ab5382efda3e-275413b-eed0198/	519	1	0	33	3	0
all-repos/net-snmp-654b1227d86407c2cd1ca6409be74c1d4fd58d77-5d3a1c1-1dc44d4/	222	1	0	27	8	0
all-repos/net-snmp-65876b634340aa7186290b4afb8cfd7ecceefb6b-48cc39f-71b9931/	584	1	0	35	4	0
all-repos/net-snmp-65f7962f932c9b75c5bbbb047d1e26ae60978e53-150c0a2-ab9ccb0/	574	6	0	34	4	0
all-repos/net-snmp-6632a2b9b9fad1a0b0d6baedf2a2b391f5d4e914-20faacd-d0e03fe/	693	1	0	258	12	0
all-repos/net-snmp-670d96e786590fdd30a16a3300c0ed5bd6e53214-bbd5712-c07b8d9/	691	7	0	258	12	0
all-repos/net-snmp-674fb29e187324983fbcb9cfbafee2c2324370b0-38dfb0f-a4bb739/	68	1	0	9	1	0
all-repos/net-snmp-67733e8a87516455bc5a5871592c4f1ac97a6849-4795069-2dd7dba/	602	7	0	291	244	0
all-repos/net-snmp-689c59bde27152279e7ef561acbcb79c4bde84a3-c2be4c5-157fa81/	723	2	0	56	5	0
all-repos/net-snmp-6b633927387e06191b40076d88f52bd8fb83a804-7eef635-4516afc/	228	1	0	27	8	0
all-repos/net-snmp-6bcf7a1f5b7a2b47abecb67857303297990c651f-b631b25-c8d0c35/	581	2	0	35	4	0
all-repos/net-snmp-6d95bc4149472931005475c30a541fed5534da39-16d82bd-b24ee7c/	693	5	0	258	12	0
all-repos/net-snmp-6e76cbbb2a0783f22f58fb7d323e9f7217cc604a-20e4b37-6b706c5/	697	1	0	258	11	0
all-repos/net-snmp-6e780a5bf0d64bf47dfbf479ae7f56c10ff8166e-2ed8639-89b82c5/	603	1	0	284	242	0
all-repos/net-snmp-6eae340fa2a64086592982cc52735bc01487d978-c78abe0-5cfdfc2/	605	2	0	279	240	0
all-repos/net-snmp-70084da61d2bcbd2cf1ed81bdc3bf6794c2affb6-1084d2e-4125608/	694	1	0	258	12	0
all-repos/net-snmp-7068a394ba50431c7dcabc798a73670e47a0fbba-166ed96-367e566/	227	2	0	27	8	0
all-repos/net-snmp-71b993196084dee9ac5cfcb744245bd4dbed69ff-9aac6cf-c8bfad3/	583	0	0	35	4	0
all-repos/net-snmp-72a59bc6442e04aa494c990e58d35cb64f970602-f2832e3-1e154ce/	605	3	0	279	240	0
all-repos/net-snmp-7511fbba77370c2b63c23ab37d7e3b4ef0711f97-118d721-cec6ecc/	94	1	0	8	0	0
all-repos/net-snmp-7840643a40116881fc830ed9eb2d5b06250f9fe5-faa9deb-b964eeb/	238	2	0	27	8	0
all-repos/net-snmp-7b2ad7b612d9bccd2e0dd82441567ebea1e51f7c-3fa7080-f7f966a/	599	9	0	281	242	0
all-repos/net-snmp-7b2d3854572e7c86add6f7633a023f45d0daa1d0-e12b06e-2d072e4/	108	6	0	11	8	0
all-repos/net-snmp-7bc5c4e99480320250e4de314c36d82a86372ae6-42b96ac-c55f86f/	147	257	0	148	7	0
all-repos/net-snmp-7e094ed17ef1eaf84b55fe18786b31b89fa69f36-35bb5f0-3bd8dc8/	228	3	0	28	8	0
all-repos/net-snmp-7e21413ca6f2efd7a3afb62c62b644881b8bd1e7-38cf218-aa6b79b/	692	1	0	258	12	0
all-repos/net-snmp-7ec3e17689ba937de73dfc37eac4c3472e285091-71b9931-0f84fbc/	603	1	0	284	242	0
all-repos/net-snmp-7f05daa8e0e0f533b0f12a3e1cf07641519909d6-247c69a-3db9796/	696	4	0	259	12	0
all-repos/net-snmp-7f8a5df3487f6fa56d9e85756c4fff344e53b901-9b009e3-6e780a5/	603	1	0	284	242	0
all-repos/net-snmp-7ffb8e25a0db851953155de91f0170e9bf8c457d-a667a7e-4e6ce67/	180	436	0	218	5	0
all-repos/net-snmp-80ee4022e534e64aad5a5f27192843b42acb85e0-800e390-8867fd1/	609	2	0	279	240	0
all-repos/net-snmp-82d73fb11be3ae31f39c9d618d5388dc9b1006d7-7fcc0b8-944612e/	701	1	0	259	12	2
all-repos/net-snmp-85297cfadff81606d5a3b5ab162b39e5966ed963-5d819c8-7d3d56f/	700	1	0	259	11	0
all-repos/net-snmp-86fbd33a2d067fc8044b8d824a019fab4bb078eb-e32aa97-ff1734d/	613	1	0	279	240	0
all-repos/net-snmp-872e013d2b4293d8947475f539756a5b1d25635d-6470aed-177ff46/	603	3	0	279	240	0
all-repos/net-snmp-872e013d2b4293d8947475f539756a5b1d25635d-d6a1a89-25988be/	606	0	0	279	240	0
all-repos/net-snmp-878fbf40da38d2bc0f759763f17261c20d3d972b-0078e22-ea6feb8/	600	8	0	279	240	0
all-repos/net-snmp-88238c629d9b5f40dfa1a90a165e1caccb04ef7f-2174001-253deba/	606	1	0	288	242	0
all-repos/net-snmp-88f0af3cfb916ae5863cc2986071d435f20c3064-b3bc54b-2b6c119/	703	1	0	259	12	0
all-repos/net-snmp-8b1fe8730c1d47e53486ef9fa74e2cf60fb60e4b-95c4987-e3bed7d/	612	3	0	297	244	0
all-repos/net-snmp-8bb4e86abcf98ff28748af0af89c98e64d5cd961-1055150-afc396a/	693	1	0	258	12	0
all-repos/net-snmp-8e5a28d4b0d95fdc0ee7dbbc31c31556cd0eb2de-f9db611-ccb0eb6/	602	6	0	279	240	0
all-repos/net-snmp-8ea9f6fccf1c11e72fbf6548b7eddab2167a220c-0ec7af6-7e094ed/	231	12	0	28	8	0
all-repos/net-snmp-8f3d0a22162b823b6825189ab2cb82d58c7c97b1-dbd26c6-5396bfe/	563	38	0	282	242	0
all-repos/net-snmp-8fb6b2625919c9d3166b5f66ac5c5ae1ead72d10-b212b05-e41f115/	65	1	0	9	1	0
all-repos/net-snmp-9021e9eb5fd6551a567310a650779f12f902d627-4541222-91e9f28/	602	1	0	284	242	0
all-repos/net-snmp-91b9d75c95afae172e1e0145a358a3d4f29451c0-78027fc-17033cc/	234	1	0	27	8	0
all-repos/net-snmp-91d89aa8f29fcafc127f216c84dda2dc1db2d672-18997f6-64133fc/	4	52	0	15	1	0
all-repos/net-snmp-91e9f284d3a9aff1161d97003b6198a14d0eb1b4-193219e-38cf218/	600	1	0	284	242	0
all-repos/net-snmp-93263b98a5db344cf2c4d489c43971e7b29cdb03-72fe725-40022a6/	0	3	0	4	0	0
all-repos/net-snmp-944612ef56ad2564aafe14df6d08e048b7228b86-4e7cd46-46983ab/	699	3	0	259	12	0
all-repos/net-snmp-944612ef56ad2564aafe14df6d08e048b7228b86-72a59bc-61b178f/	694	7	0	259	12	0
all-repos/net-snmp-95752d67ac2d9f11e00c4752bc0785432b8ff1a5-86fbd33-e147e4b/	704	2	0	259	12	0
all-repos/net-snmp-95e59ff91b20fb82b22c373ef4bff2cb94271385-bec2bda-37c1161/	953	1	0	602	233	0
all-repos/net-snmp-963320f0d104c78c1a28804beb8006074ad407ef-e109539-0822f2d/	607	1	0	279	240	0
all-repos/net-snmp-9709c45a6bbfb0df3f80145d31f39c7168093d7d-022f840-c1cecd7/	608	1	0	281	242	0
all-repos/net-snmp-98f94dac3852ad5e77531ea4387926c6ec74fdc0-2c261cb-8aa38d1/	0	17	0	39	0	0
all-repos/net-snmp-98f94dac3852ad5e77531ea4387926c6ec74fdc0-4030a3a-8766d00/	0	0	0	2	0	0
all-repos/net-snmp-98f94dac3852ad5e77531ea4387926c6ec74fdc0-7957214-00cd965/	0	6	0	3	0	0
all-repos/net-snmp-98f94dac3852ad5e77531ea4387926c6ec74fdc0-f9e97f1-6926df4/	0	5	0	2	0	0
all-repos/net-snmp-9aac6cf3e6872cb9a34d75e19e42a7739f044649-90fe412-d3d86ac/	74	0	0	9	1	0
all-repos/net-snmp-9bafb8af58da10de28826a6c5ecd63b535367c50-ce05e77-599886c/	858	4	0	74	7	0
all-repos/net-snmp-9be22aaaf8393713fbc39025f702111f50f1e4ea-1a196ad-7bbabab/	603	5	0	48	5	0
all-repos/net-snmp-9c4ddca96082c139cfce928eea3cfe793d34f5c2-77dc3b0-d747e9b/	116	1	0	12	8	0
all-repos/net-snmp-9d59ba8a3a6abad3a2d1101a5ba30eb8d00bec99-8d057d2-874c8ec/	179	327	0	108	4	0
all-repos/net-snmp-9dba135c2e74bb5b7ee14b6583c9b1a99d53e53b-bbc02e3-f724dc4/	610	1	0	281	242	0
all-repos/net-snmp-9dbe12403ceaafe617f7d49993316a249fcbb99a-74878ea-78dac6e/	697	1	0	258	12	0
all-repos/net-snmp-9fba45c80ae1a1d0e8f8b11bf5fe3718edf5e935-7afa2cb-4b9db06/	61	1	0	10	1	0
all-repos/net-snmp-9ff471439e326255066377c76d995e1aaf296bd2-edc2c88-196e110/	701	0	0	260	12	0
all-repos/net-snmp-a0b4565941d92c6a1d2442f9d0a74d8371187845-58801e4-75d17a2/	696	1	0	258	11	0
all-repos/net-snmp-a181beef7038243215319ed6dfa1e276e1c609ef-250f698-ab3c36f/	571	2	0	33	4	0
all-repos/net-snmp-a188ebd4911b445e9617ec651ecbb184e8a0c04c-bed1778-666e845/	4	2	0	1	0	0
all-repos/net-snmp-a3b8654a232c563bc97cc9925cd98590a30c5bc5-963320f-969e866/	699	1	0	259	12	0
all-repos/net-snmp-a6e1851fbe747cf15ed075807781ce89a34e96c2-3dde419-e7f944c/	609	6	0	291	243	0
all-repos/net-snmp-a8ff26883d63861d876985dde89f3891577d6026-a587d11-40938a6/	606	1	0	288	242	0
all-repos/net-snmp-aa2ec895c33ef13b4fe29b568ff2bcb0bbee78c7-5c2d303-e3bcd87/	604	1	0	284	242	0
all-repos/net-snmp-ad87bb608b305567a3c5eaf046b7c98ea3e4bdd5-c183c77-8aa50ed/	608	1	0	288	242	0
all-repos/net-snmp-add1341c9ca33fea07221914ca2791e6ab7b1caa-c34953c-d21c3a2/	698	1	0	258	11	0
all-repos/net-snmp-afc396ab1618a8595a2519fbc25f7a498e174411-8f3d0a2-feb3af2/	692	4	0	258	12	0
all-repos/net-snmp-b1a73be3d06962dea039405a93c9ecf46ed070d3-4e6ce67-4197d53/	620	1	0	295	244	0
all-repos/net-snmp-b2725964bde921b6285e3a59a512552cae0a0ca5-a6e1851-9a6f566/	685	15	0	258	12	0
all-repos/net-snmp-b385f35c9d39a6508b387867161c1da42d59f656-59c9db4-9fba45c/	70	1	0	9	1	0
all-repos/net-snmp-b3e1054ac020a2d24450e4c24d4675b8fbe1b33b-35fc416-6485b8f/	608	1	0	281	242	0
all-repos/net-snmp-b4cca637b7216c11f9bde4a39dd6e3419432d4a4-e4e087c-cf1281f/	601	2	0	284	242	0
all-repos/net-snmp-b62cb0864f577ba85573d0d250d12a39387c07b4-1a2648e-1f37f57/	543	1	0	30	3	0
all-repos/net-snmp-b78be21e10c84a1ff42fdd237fa33a0be48e4c79-a908b4b-533bb80/	621	0	0	49	5	0
all-repos/net-snmp-b881841bd0493dd71d63259bdded449b06f02c32-85f893e-80ee402/	612	1	0	281	240	0
all-repos/net-snmp-b8a522c1ec94e63cd2fc8dea195e89ac8b736ddd-f0d6bf0-c2bcebc/	160	347	1	292	3	58
all-repos/net-snmp-bb5474f5a25b2e1f395e7c9115999bdeb1b754f2-9484d83-c7c3901/	564	13	0	34	4	0
all-repos/net-snmp-bbd5712e82a5564fb82ce0c93067bb9e189e75fc-7523f0f-98f4018/	601	2	0	286	242	0
all-repos/net-snmp-bc0abae55dd867dbbf4e42e67a36234088c93771-086ac83-900aae8/	697	1	0	258	12	0
all-repos/net-snmp-c0fad1f353a9d1d58adb9838b1a4ca20ad93a694-cb7ec5f-c7512af/	107	6	0	11	8	0
all-repos/net-snmp-c17a7ecf90cf447bb2a99800a59cc3da2fcf6d68-46190da-6c17c28/	635	1	0	52	5	0
all-repos/net-snmp-c3126b143921fabeac442166eca5b5b742fd42c0-35a92e6-b3e1054/	604	4	0	281	242	0
all-repos/net-snmp-c3cdb31facddac09c8bc35afb727f9356dd09ba4-7e97a20-1b7104d/	178	325	0	100	4	0
all-repos/net-snmp-c3cdb80e70026c86d557458b39bbb7c56cbfe754-d2da27a-773af0c/	579	1	0	34	4	0
all-repos/net-snmp-c529eb81384c48b6de35bc5b538738b65ed6cee5-59fbe47-27dcea0/	576	3	0	34	4	0
all-repos/net-snmp-c55f608f16f160f5e79dc057f8878def462973e1-bda324b-46eac02/	698	1	0	259	12	0
all-repos/net-snmp-c5a8464c42a94c250ee2dfa2a473109a734203d8-ea11e5e-cd6e382/	700	1	0	259	12	0
all-repos/net-snmp-c773cde72f7d1907012666336b4aede904672808-dda78a8-7dbb5a2/	628	1	0	50	5	0
all-repos/net-snmp-c78abe0bc052c41baa170614906528f21b14a529-b88e888-b9c8012/	570	1	0	33	4	0
all-repos/net-snmp-c8128788f0fe99cf493415ebe522739fb9318d97-90f431b-049b439/	606	2	0	287	242	0
all-repos/net-snmp-cc2fe6bde6a3c28b3c1ad165c9ba3fc1d583c253-8507308-7b82c61/	697	1	0	258	12	0
all-repos/net-snmp-ccb0eb65769a88c96cb15c922819bf0dd285439e-c185d31-9bf0681/	159	321	0	93	3	0
all-repos/net-snmp-ce05e7735384f61d636260fdc41152af75115296-215695f-945ee1b/	233	3	0	27	8	0
all-repos/net-snmp-ce3c9214128b1cdbebd2975da0f36a55e2584fa0-f6eed6e-a587d11/	606	1	0	48	5	0
all-repos/net-snmp-cecd4869deb68f3d4c71e768d5b40dd576446925-ef9ea64-5647022/	600	4	0	284	242	0
all-repos/net-snmp-cfdcfaa1f3fdd71aea38716a8aeabe9012be2fbf-4e9ea84-82aa246/	605	1	0	288	242	0
all-repos/net-snmp-d10fa0bab077413177a2d3c87dc8f4e8ebffd31f-23fcdc6-d96e2ad/	607	1	0	281	242	0
all-repos/net-snmp-d21c3a2258092cf6de07370f75632a0e8e51529e-ac27277-6d2c541/	108	381	0	199	5	0
all-repos/net-snmp-d255ca426d1e3d4bc48b8f3db937435788934c42-67733e8-85bb4b5/	692	6	0	258	11	0
all-repos/net-snmp-d28583552e487d5da4ea7ddcfacc44d3e7898898-0e3b1ed-5f0819f/	606	1	0	48	5	0
all-repos/net-snmp-d2f0c00fcc1c6fb813e9f21e5b160ae7147ded65-607644b-b6c996f/	96	1	0	11	0	0
all-repos/net-snmp-d34e057779cb32e94324089dc4625638309cfe89-7b7869f-f40d440/	695	1	0	258	12	0
all-repos/net-snmp-d687248669257328805cf0a6ff00428d0f8db66c-6187cfe-1c14dad/	225	7	0	28	8	0
all-repos/net-snmp-d6a1a89e6f648951a9b831932d3cc230821f2d37-2c14c1c-3afc5e0/	524	1	0	30	3	0
all-repos/net-snmp-d6a1a89e6f648951a9b831932d3cc230821f2d37-2c14c1c-cd52a96/	524	1	0	30	3	0
all-repos/net-snmp-d7de39decfa0889488ae9af076c3d60a81429ff3-59eb61c-c5bcd09/	765	15	0	61	5	0
all-repos/net-snmp-d86c47f003fdc192bce7b46ac4f06b09e387c12b-7b2ad7b-303c015/	679	17	0	259	12	0
all-repos/net-snmp-d8d225ca34a8f22752153acb7944f9435f564d2c-95e1479-4efa547/	5	15	0	8	0	0
all-repos/net-snmp-dacca7b7ba361de32dd2d4c6beb813a0d4edb79d-7817aec-4bc3c05/	610	3	0	48	5	0
all-repos/net-snmp-dba5362b9fc262d66e4dcc9de2a9d4e84a900a92-eafcccf-f23bcd3/	696	1	0	258	11	0
all-repos/net-snmp-dd30ac7762fecf6704b899bfb30b5533d44e43ae-c0b2b1b-2e89624/	605	1	0	48	5	0
all-repos/net-snmp-ddd7948acad938cd42974505ddca4f0372116709-a457827-f33d336/	686	7	0	258	12	0
all-repos/net-snmp-de8f29cb716076ef1ecfb32d4c0bb810daf94bd6-3d08345-b78e31f/	610	1	0	279	240	0
all-repos/net-snmp-de9250d9dae9727a6cc7f647688dddf1b8597128-a05c5f9-6c1487e/	699	1	0	259	12	0
all-repos/net-snmp-ded5764942454e63cf876691f85e6980194dcc03-53a3224-7f8a5df/	603	1	0	284	242	0
all-repos/net-snmp-df62e2255b9f652cd430fa0e2615287665ad1e65-8da7182-a157add/	724	1	0	55	5	0
all-repos/net-snmp-e1b6ce470a6cef6c7fd70607c077ebed18cc1dc0-eacdabd-c5d9cec/	225	2	0	28	8	0
all-repos/net-snmp-e1b910b0be9343586ae9edba6f46040af315fcdd-259ae2c-01c930e/	697	5	0	258	12	0
all-repos/net-snmp-e325ecbfce77f00ac5cf6fbd957f95495f61c59b-d3b2896-d059fb8/	691	3	0	258	12	0
all-repos/net-snmp-e3b3dfa3544a3d05c267632a7cdeef6652ac51a1-46dde5e-5764bf5/	587	22	0	281	242	0
all-repos/net-snmp-e3bed7d1871786f6ed4a5b02885aac8166efc608-ee47442-488e812/	610	5	0	295	244	0
all-repos/net-snmp-e5ad10de8e175e443351be3e14e87067ff9bded8-d1d0fe2-eca6ad6/	227	1	0	28	8	0
all-repos/net-snmp-e878abbdb1808ef83e0a8074536fb54e13219a8b-0e0518d-34782b7/	512	13	0	30	3	0
all-repos/net-snmp-e97de077a17c8a309709bdff485e20c91105ad03-47c8ef1-97d6432/	695	4	0	259	12	0
all-repos/net-snmp-ea11e5eba754a7abf232723056af328786b52200-dd2c471-7708296/	603	1	0	279	240	0
all-repos/net-snmp-ecbab0a98a02fde6bbca7dd370bcd9c3ca76affe-dc755a6-b372e5a/	699	2	0	261	12	0
all-repos/net-snmp-ee474421033c1cbc1923ed8ab7b867cf9f066efe-6c2f7bc-e85ab00/	850	8	0	74	5	0
all-repos/net-snmp-eed0bcbc43fea18259f0f63b2081b6d10535a052-65f7962-186bad6/	609	2	0	284	242	0
all-repos/net-snmp-eefc25ca6705a2d1a8f5216076f439e0d3e3ef76-55ddd82-4df02f9/	606	1	0	288	242	0
all-repos/net-snmp-f16a094aad2919ff88c8143ca9fcd48e1162dd21-86c1e2b-7d18939/	610	2	0	279	240	0
all-repos/net-snmp-f33de25fc17b31f8d2be0a86c283322b0ad60e09-961866c-c3cdb80/	579	1	0	34	4	0
all-repos/net-snmp-f3bc55184d96c58dcfd58953796c10f7354dd4a7-e7dd1c4-ecbab0a/	695	5	0	259	12	0
all-repos/net-snmp-f5f45a2808b4f0fe96ce4d756b63118380f79eca-98bc4a7-65dd83c/	574	7	0	35	4	0
all-repos/net-snmp-f67f8f2b5d9779ecfb8f8f4bee32573e5b241afe-e769fa1-3bbeec9/	945	1	0	581	231	0
all-repos/net-snmp-f6cb8472f816b81a03d97ff5420b992d3bf0e424-3fc1242-8766d00/	805	1	0	345	249	0
all-repos/net-snmp-f6eb2013fd3db444df670b956010e77c0fc2b1d2-f5174f2-d21c3a2/	870	3	0	573	231	0
all-repos/net-snmp-f92853281477ee724a51a9967f37d3f1dd1b0f7e-6e0855a-07d825e/	691	3	0	258	12	0
all-repos/net-snmp-f92853281477ee724a51a9967f37d3f1dd1b0f7e-ffce49f-1727768/	864	2	0	548	229	0
all-repos/net-snmp-f99ef5cef203ea378553a2ab4925fcd869e7f5a3-43a29fd-8780662/	686	12	0	258	11	0
all-repos/net-snmp-fe6269b1900cf44dc27a199a761d15a01c3f3092-b881841-0baa929/	698	2	0	261	12	0
all-repos/net-snmp-feb3af28dcae22015ae865a2e5dd8c416e9991d8-5396bfe-6358dee/	693	1	0	258	12	0
all-repos/net-snmp-ff1734db3318c4531701de83c01cf5558bee3476-2f3d607-0c8e1a9/	607	1	0	279	240	0
all-repos/net-snmp-ffa05b051ac3e2b197195a9989cc7a91fe8d9282-a54d536-0220392/	691	9	0	259	12	0
all-repos/openvpn-15a436aac6b617b87bb234cdd7fedf1e603c470f-555fc5e-b55e49b/	48	1	0	4	0	0
all-repos/openvpn-1b98341fd5cbf9165ce65ed325ee4894a132fcfa-61c4064-f0eac1a/	172	17	0	27	2	0
all-repos/openvpn-20a4c12783144d798c6b7446bae8920fdfea7adc-8367889-22178d0/	7	11	0	2	0	0
all-repos/openvpn-423d68b0ede7f10c02fa753cba8d60d2218d2dc7-4b519cf-f20c2f0/	21	1	0	2	0	0
all-repos/openvpn-4b825dc642cb6eb9a060e54bf8d69288fbee4904-b7e0d37-9a10540/	108	31	0	19	4	0
all-repos/openvpn-51e6e5b0f14db8bf5a6b6ebee26678fe8b623ad4-0bb41e5-20a4c12/	48	1	0	7	0	0
all-repos/openvpn-5682d3394204c788988b3cf67b3443a717704d2c-eb208d3-7c18c63/	185	4	0	27	2	2
all-repos/proftpd-2bde9ba89eb007778a940f1eae60f2fd22102195-8e6f14a-f6fdfbc/	8	5	0	0	0	0
all-repos/proftpd-5a99f0f7e8b3b9761f480edde09281436ef04ef5-6bf1549-fab26d5/	21	4	0	13	0	0
all-repos/proftpd-85ea8ed7a7258924001e15d4c93c7917c21666ab-086f40e-fb41acf/	194	1	0	4	0	0
all-repos/proftpd-b5ba0000bcea9bef6fd254fa9adda3af1f1a66ca-9162383-aa9438a/	21	2	0	0	0	0
all-repos/samba-07f6f9b2115b3df03ac11a0db9bf1c4ff5d513cc-80e9b72-4d4a898/	39	4	0	4	4	0
all-repos/samba-08971abdad82ce6b57a85ce77a8cb7906b0dab2f-323be4a-1a416ff/	72	1	0	20	0	4
all-repos/samba-0cd37de19850df59695e1970f8d66175d4fad6f8-5e39c98-c9bd108/	126	4	0	20	36	0
all-repos/samba-0d9ec11a5099c00603d9e97901cc14653179f40f-7c3982e-0dd4a16/	15	1	0	118	0	0
all-repos/samba-0e97dec5949c5b5401391d3267f04898fa796d56-2b8d15b-9cd45ee/	275	5	0	48	53	0
all-repos/samba-10cf3ece11edacca5683f869371c09840fd435a8-a48d89b-f157e66/	205	117	0	40	373	2
all-repos/samba-1a2544a24c064e9eecb973439ccd0e7126e06e77-ec106a1-1342b26/	1	1	0	0	0	0
all-repos/samba-1cf1670f0a78aa30f0f177b3a7c012543edae87b-d78b0ff-01388c4/	44	4	0	30	0	0
all-repos/samba-1d59fd4d733007ccabb69c945e1da2208c376b96-f3ecb70-b319549/	15	2	0	0	0	0
all-repos/samba-1f474f4a545752f7ac0ad402d01d1e768b973dbe-d1432d6-240d959/	311	48	0	17	1	12
all-repos/samba-2413a7200623855b93946d44bcdb949e2dc170a0-da01822-d2062ab/	20	1	0	1	1	1
all-repos/samba-26e36db607caef8d7432d80322377c20911912ef-b775fe0-f2ebf07/	9	1	0	17	0	0
all-repos/samba-2a82665532bd2c61f2faa9b859488fdb5920666c-50390bc-a543901/	2	1	0	0	0	0
all-repos/samba-333c169529a3f64a28fcaff1056069867fd56a90-dc114f8-78f804c/	8	1	0	0	0	0
all-repos/samba-353a82f87c974456e4d41ba6ef42006d17008d02-4381fb0-6c56be8/	10	1	0	4	0	3
all-repos/samba-353a82f87c974456e4d41ba6ef42006d17008d02-6c56be8-4381fb0/	10	1	0	4	3	0
all-repos/samba-3be172aba4877832ec67f12563a766d8fa32cd9c-3496eb1-94e5719/	228	79	0	44	371	2
all-repos/samba-446748bfe1f06d0900e44fe8acafdf856d54486e-70219be-71ce997/	26	2	0	2	0	6
all-repos/samba-47ea3a2bf242a446f658f1573ec5d3ea533333f0-9676bf7-c321404/	209	83	0	362	59	0
all-repos/samba-4d4a898742a0439d3f60c84194b02901412f4679-f4f6f84-3ced800/	96	1	0	4	4	0
all-repos/samba-58fe4d9c20203f6f55c8e995402e156becb91b3e-b1bce45-dc4bb3b/	45	17	0	5	41	2
all-repos/samba-5a498290b0f48befe35c4a5a60f66713df0c8f18-2ab6dd9-3c0c6ac/	2	2	0	0	0	0
all-repos/samba-5b4ebe134515e52735c2524d534f32b0690cd6c0-4c6d6d4-21331d3/	8	2	0	0	0	0
all-repos/samba-6258550534050e59a80ae8e39d9fb308b2e648fb-e83fc38-b1b4d67/	51	34	0	6	27	0
all-repos/samba-63d91e9ab0ecc1e80edff27ae09b249c68453106-c46afc8-d904b71/	2	1	0	0	0	0
all-repos/samba-6d66fb308ab85bd9691d541764e683e6040cf724-70025a9-58fe4d9/	128	25	0	21	38	0
all-repos/samba-6e94cbdc30afc3c9b5d2504aa8649fa9c87af7aa-1a6415f-695b666/	371	1	0	88	0	49
all-repos/samba-7006d6b29a0d5e5a4b257420a6a53ace33727bcf-eb0c084-9a4b030/	353	29	0	70	62	0
all-repos/samba-72a1e3acfa5789134a28fb0609bc88b25c0e0b15-5a56c0a-7b186c4/	32	5	0	0	0	0
all-repos/samba-753824e9cfcbba51a2157eb75cc9ff9b287028fa-adc0985-c26387a/	30	1	0	5	0	0
all-repos/samba-83ea6d5f55dcb18da48cee880624ed4530f9c05f-4fc27c9-2c9ee20/	4	1	0	0	0	0
all-repos/samba-85f91b9d5c6dea0b9b8db9b6cc2d6e9ca7aa7c62-d939a29-e4ec6e9/	3	1	0	0	0	0
all-repos/samba-8f9a17be892f87ab576f1824a7b6fe37abd59887-417bf60-a084f06/	188	88	0	36	40	9
all-repos/samba-93e52145a887b1865d41ae5272047423bbfb33b3-2c1b125-bc9bbda/	93	1	0	3	3	0
all-repos/samba-953aef482beec9a88da200aa54773226a23b66b0-79d3731d-2dfd055/	167	71	0	59	69	2
all-repos/samba-979ef2832ae1c65d636c78dd83c5261f97ce208a-df4439d-36a4968/	11	1	0	4	0	0
all-repos/samba-9cd45eeaf96b67dd772a6b8e5ef6df7ea10dfd31-b2b381f-031bd1a/	285	23	0	57	60	1
all-repos/samba-9d20a0963199d8e7e51c95641b0031ad04b2d7f2-fe24692-317ad52/	8	1	0	2	0	0
all-repos/samba-a084f06fe33eb9903489763bc34c7092080a0a5e-9da46ee-47ea3a2/	146	110	0	29	52	16
all-repos/samba-a10802ab5f539101dfedd6b239c974b62300c89c-b4425e7-0e3baef/	0	1	0	0	0	0
all-repos/samba-a795986baacfc9842f7f84aa91de9c6f36039220-61136d0-ee3ce95/	3	1	0	0	0	0
all-repos/samba-ab539de20f9db300a1476a85bf768548c7280b68-afc5f1a-6564351/	138	11	0	20	31	0
all-repos/samba-af007e5837ac472f0527505c8013b837932136bc-a19534d-98fdbb6/	13	3	0	2	0	12
all-repos/samba-b136033421eb045b28f5928e4d2f9604cf704690-03ab8f9-71943b2/	200	2	0	5	1	1
all-repos/samba-b1b4d67f651d50eca369683e18736d40337af96d-0399212-8d97656/	44	75	0	7	30	0
all-repos/samba-c02fee6ed33d847abc8a5fefaa5b7bbd2e999d1c-76b2822-e989a1b/	13	1	0	0	0	0
all-repos/samba-c321404feb40e6eaaae4564c5c81b8b644bba3f7-8877607-054e5da/	270	6	0	29	366	0
all-repos/samba-d1c40424f6fd754cc2941b0b42903083af71e087-96b3517-dae498a/	25	1	0	1	0	1
all-repos/samba-d803ff9e724cc91778c1b94a5b78ef935200adb8-85ac8dc-e8cf957/	20	2	0	0	1	0
all-repos/samba-de4a2214efb3fcc1aa04664371983dbc768eaf79-c8011b5-07f6f9b/	14	8	0	4	4	0
all-repos/samba-e8cf95773df914e8d71dcc1ce713fe0cc723d946-94c937f-5e336be/	16	1	0	0	1	0
all-repos/samba-f2e2d1c2f3b9c44bc9d8c6f8c1d201468f7f8f0c-f1e0174-9ba0f9d/	9	1	0	0	0	0
all-repos/samba-f97f2946d25f08b552466f42412a960bd13769d7-d2a5af7-850e634/	15	2	0	0	0	0
all-repos/sqlite-027271dea9a064e23c56358bc4f92f2b3e5fbb24-29d8601-12188bb/	14	2	0	20	0	0
all-repos/sqlite-0c77ba910828fccf95738f23decfb94662cb4d92-fb28281-91dd4d2/	18	1	0	2	0	0
all-repos/sqlite-0d7144ea682f739f545d400cc87ecb5c6c29c5ef-c119ca9-9d22052/	27	1	0	19	0	0
all-repos/sqlite-0e1ed51d78e7b6a6512fdbc3f81579c0dd405e52-3f6bf03-c596877/	28	2	0	14	0	0
all-repos/sqlite-0f8ce1f32eb08dbcfa0e452b2c2714b6a3a90944-7a8e3c3-4576b71/	28	3	0	10	0	0
all-repos/sqlite-19254769ff72cd99344c6dca8f4932cf6647f90d-b0cb0d1-426c546/	13	1	0	1	0	0
all-repos/sqlite-1a87e30fd6854e3830d33d4310f4c06580751d79-a1ed1e0-519e537/	58	2	0	24	0	4
all-repos/sqlite-2a20d85987e4e42b8fca2922b351a14b72c0d71d-cb0a19a-9076646/	58	1	0	18	0	0
all-repos/sqlite-2dcc241e30eb52e625ee740a7a5b3e02b5b3ba71-dcd4f2c-536ef24/	36	3	0	15	0	0
all-repos/sqlite-316417eb4860a57b43e5fb7e1213de24ba062461-3a4d335-8089de4/	4	1	0	2	0	0
all-repos/sqlite-328762c0f44ea159d366bcfd7dca4c49e96e2d6c-b4e2bd7-109ae43/	13	1	0	0	0	0
all-repos/sqlite-426c546d2ad4c8b14ba633167c8b2b80b08adf93-ae312d8-75c9b14/	38	2	0	4	0	0
all-repos/sqlite-4287ab6b931f5967e3b6ab49220f06033139b74e-987f7fe-f4113e2/	42	2	0	2	0	0
all-repos/sqlite-42d8b52bdf9aa5453cc9b745c4777b6ca2115299-7af0a06-bacf807/	5	1	0	0	0	0
all-repos/sqlite-47badeab7fb33dbeed91777e5b6e9ce55bb83f36-4879f10-f139e74/	11	2	0	1	0	0
all-repos/sqlite-47e149325c2b636526fb2b3bd6e17f2e75a388f2-599393c-4ca9f00/	21	1	0	0	0	0
all-repos/sqlite-49c2d0fc12fb421e78c81e7970f7aa468492e078-6c97947-72c91e2/	24	1	0	17	0	0
all-repos/sqlite-4cd6ba72a2a6da07e332b8751e8be31356edcfc8-6492c98-d3f5ea5/	20	1	0	16	0	0
all-repos/sqlite-4cd6ba72a2a6da07e332b8751e8be31356edcfc8-d3f5ea5-6c6f856/	8	1	0	1	0	0
all-repos/sqlite-4fb2c9891950a995ce862b73894af65e78d70fb7-c2838a9-3d4e3a5/	6	1	0	0	0	0
all-repos/sqlite-53588fe48822d36a28da29cb7a8b6471ba8b61cb-47c3159-bdb6e28/	7	1	0	1	0	0
all-repos/sqlite-536ef240ed97b17050afaaecd82c435e718342c9-7f18d7b-0f8ce1f/	42	2	0	10	0	0
all-repos/sqlite-5742e47353f1d20acecbf5b76dea82f8c5452f6b-90f261e-0921e79/	35	1	0	7	0	0
all-repos/sqlite-65167b5e0e25fe4ec24a37522dd86dae22888f38-e3d88f2-de23f3b/	58	1	0	21	0	0
all-repos/sqlite-6ac3933dee77200d499650d187514149dda66ef5-7d47128-d688bbf/	107	5	0	26	0	0
all-repos/sqlite-6c5904d0e5bfdc040e4182466aedc8fd93aaf655-0816a4a-6883e2c/	14	1	0	1	2	0
all-repos/sqlite-6c694dd15c4267573cb28b6fae09540eacee52ec-418998d-fadf1e1/	24	1	0	10	0	0
all-repos/sqlite-6de995b706f4c146c4aca0ff5c1dcd0fb39a9251-096a792-908cc54/	13	4	0	1	0	0
all-repos/sqlite-707720acd4977a2e795b60386bc729058583e0d3-6d9c57d-60d2f1c/	307	1	1	77	4	0
all-repos/sqlite-79a6aa66494a86bff6bbc4a1350a26b39fbd0d64-50c0017-f138403/	19	1	0	4	0	0
all-repos/sqlite-7ba60990e9d242904c2045a38022ecf7e01321b9-fbac2c6-3bd7ed4/	0	1	1	0	0	0
all-repos/sqlite-7e1823409b4c1103a9f2392a5a1b6c9b1e146138-38f294c-c5d9608/	51	1	0	19	0	0
all-repos/sqlite-87ed8ce4da5e8a1c54db92c9b598dff0c36f80f5-56cf863-3de1a2c/	10	1	0	2	0	0
all-repos/sqlite-8863d06bb417e0f605677dd448641d4a3f7ec9ad-b4460ee-576a983/	41	2	0	5	0	0
all-repos/sqlite-8893ef2b37aa07e6873e7f1ff2ee95a5429f4b9a-957a5e7-1a87e30/	82	3	0	26	0	0
all-repos/sqlite-8b51e579aeed5776f32e55ffe675ae4dd2ca38e0-94afff2-d9d029a/	74	1	1	22	0	0
all-repos/sqlite-8da053a84c066d547f43c48fad8d82fce31312ed-d4a186f-24ad68d/	43	4	0	21	0	0
all-repos/sqlite-921ca3d4652a6732da3f4ae3fbe13c0329590f41-af723fd-e787418/	3	1	0	1	0	0
all-repos/sqlite-947d1b54558de7e852ce5a4626304623462e6c58-8a4cb34-33fd3c8/	52	14	0	17	0	0
all-repos/sqlite-9a2a66d6456711c63a247767c25affde71f5dba0-85642fd-2fe61b2/	18	1	0	2	0	0
all-repos/sqlite-9b20d17eca7279765a86df5d63e45f0fa944f8c4-ef8e0dd-08e654c/	28	1	0	9	0	0
all-repos/sqlite-9c6781884ee77107e3b268f3c9a3aa87f9c15437-f96e3b0-ac894da/	33	1	0	17	0	0
all-repos/sqlite-9d22052bc94d93ceb03851e1cb133c53f9df10d2-bcba411-76f3439/	38	1	0	19	0	0
all-repos/sqlite-a7132e93260be173624e8834febb182d5e6a1ef2-0bf6e44-c3fd52f/	17	1	0	7	0	0
all-repos/sqlite-aad9ad1db70b56f5d5a9052ebe78014a7d79161a-32a53a9-00b2808/	20	8	0	16	0	0
all-repos/sqlite-bbca8d32a66e889f97ff841bd445ef1a9b13b76e-9ebf4a6-446b2a7/	15	1	0	1	0	0
all-repos/sqlite-c0a327bf861f968b49fb68bffd79101973513809-8ebb3ba-a0866cb/	11	1	0	1	0	0
all-repos/sqlite-c181cbffd3753b780c537e5e42cae0b204a01f7e-dbfc0ce-f90cfa6/	31	2	0	15	0	0
all-repos/sqlite-c975d86206b45c598aae1f0a4aa163e71e65fcea-15ba381-9c67818/	57	1	0	19	0	0
all-repos/sqlite-ccd22677de2331fbb516689f4541124b957ab0e6-768ba6d-4dfc5bb/	15	1	0	2	0	0
all-repos/sqlite-cf3d5b01377c8bcf993126f9b72edb1d944f0a90-48c5058-536ef24/	16	1	0	0	0	0
all-repos/sqlite-cf59ec9ae004503e022138b5f29e208d924a38c4-b21adc8-a652745/	56	1	0	21	0	0
all-repos/sqlite-d116d45fe0e01fb6310a537183200f3c0c3d3609-403a221-3704f12/	3	0	0	2	0	0
all-repos/sqlite-d26e251027cb1a6d99242a9e3b7cdb0eafa6f957-319d25d-31fd54a/	124	1	0	16	0	0
all-repos/sqlite-d3f5ea5819b08dcd349ed4aba1ad33f976dd3fee-18310c5-3f92ebf/	18	2	0	17	0	0
all-repos/sqlite-d52a4d33903b0b84875302aa4df9bd1c14b0b0f1-e692066-60e93e4/	29	1	0	44	1	0
all-repos/sqlite-d542844ffe64adcee7e876da3e63970e72bae855-8c8b3ec-477d3b3/	52	2	0	17	0	0
all-repos/sqlite-d5a1feb198014b9eaf5836995400fca3b3177d83-045f9fb-70cf027/	29	1	0	18	0	0
all-repos/sqlite-d89e3939ef6a894f5aa65b8e2528fdd90e68a21b-909ddd8-ac1e95d/	34	2	0	18	0	0
all-repos/sqlite-dc15c462559ab86ee3a0591ed608b6401ebaa628-5b00c13-497b133/	74	1	0	2	2	0
all-repos/sqlite-e66c9681af35e08cc87bbafd71f7a242e5f49a7b-52b8ea5-0fa0ab3/	162	1	0	45	0	0
all-repos/sqlite-ebf9aad47972a90762230652be4719bcfec9c32c-47a6d3b-fdadddb/	76	5	0	16	0	0
all-repos/sqlite-ece15264075b2de891c802c62fb9078459dc831c-9558741-a71540e/	5	1	0	0	0	0
all-repos/sqlite-ee211acb75545cb3cde91a3e5fde47adf987621a-81655ed-d5d6eec/	21	1	0	1	0	0
all-repos/sqlite-f054b451c18c5f3dcac69d22a143b73942927b40-e4567e1-5a574c1/	33	4	0	4	0	0
all-repos/sqlite-f138403df9ce5e7b8c5e898cd68c45b3af721d16-b2b7014-7334436/	99	1	0	14	0	0
all-repos/sqlite-f13b8c5ffea5009c6482ea242b5dbbba6efbf149-bd22470-8393708/	22	1	0	2	0	0
all-repos/sqlite-f63e27f1f247efb8da207d7fedff1cc7b3c387bb-05281b1-f2849e9/	46	1	0	14	0	0
all-repos/sqlite-f9a63b5b62bfb7d5d5c041106b93d6799791378d-b945294-4573303/	31	2	0	5	0	0
all-repos/sqlite-f9e1da95bc5284e37a9c18fc3a8dc4304bb8688a-037e8de-c566780/	46	1	0	14	0	0
all-repos/sqlite-ffdeecaad6cb054c56cceb7fe2f121c4bbf4c243-05a67ed-e7f14fa/	19	1	0	11	0	0
all-repos/squid-01ddaf655697037f757b2fa2ee2d8ca66e3d090f-b09d4c3-1788b28/	17	1	0	12	0	0
all-repos/squid-081863f3d0c1e0372189280dd69cfe91686153d2-9aab9a8-a7d9566/	62	1	0	15	0	0
all-repos/squid-090a7447108415e034b8a4d1a6b5a2949297e946-4a5d9ea-dfe70a1/	78	2	0	6	1	0
all-repos/squid-0c1cca5b6f6f614ac2e478080202ea404fce970d-3abc695-93f9d42/	3	2	0	0	0	0
all-repos/squid-10b06767418f608b99ea027b10bae5646faf513d-6fdc2d1-f9cf4ba/	84	1	0	0	0	0
all-repos/squid-13b08e1ce31c7876e928efd6567eaf1542191c58-25b481e-e551921/	358	24	0	32	3	2
all-repos/squid-14218f3357cdd380169d40b0a7758e35370badb8-20ad76a-06d0f36/	48	1	0	6	0	2
all-repos/squid-1428486f4fe07911944dc65527de5834a47c59f2-841af94-573ce2b/	296	1	0	58	17	0
all-repos/squid-1446a5fd693b294a282f36113f2b24ff20d7d6b0-197c404-e7421c0/	1233	6	0	111	682	0
all-repos/squid-1788b28c6ffd8269a26e356295f0bc213a876ff4-0aae1b8-c842329/	16	1	0	12	0	0
all-repos/squid-1cad2072529cdef06daad2742c073f917905993c-38dfbf0-3b13116/	42	0	0	1	0	0
all-repos/squid-220c4a78cd558e401650a12851916c16e6d41cfa-45a8705-8d18bed/	51	1	0	26	4	0
all-repos/squid-2ac350f4c4c02a2adf2c6d3dfdec2b59f3646efe-2f2340a-5bc2be3/	9	1	0	0	0	0
all-repos/squid-2bb66f46f7b15577de3607f0ee66e0cfc54635b4-608391f-a35595c/	50	1	0	26	4	0
all-repos/squid-2bb66f46f7b15577de3607f0ee66e0cfc54635b4-7b0a0d1-74780d3/	18	1	0	0	0	0
all-repos/squid-323547b0bc3fbc2973e13bd58f5c73948549ffdb-517fc64-bb7082c/	22	1	0	9	7	0
all-repos/squid-3392646b4d538e787d62ea1027e42c48fbbc09ea-a70f205-698110d/	23	14	0	2	0	0
all-repos/squid-3932c6749e60cf36d905dc949e0e9dd1f563382e-ed23106-5e5fa5b/	52	1	0	0	0	0
all-repos/squid-3aefe2bb7f5a4ea226e622dfe0a30e095bcf0c1f-8a648e8-6d1dfcf/	282	7	0	20	0	0
all-repos/squid-3c320e688ae7e04319373066bf1e5c16730eba31-23a533d-4eb85b7/	37	1	0	12	6	0
all-repos/squid-402ec5320c9238086dad431c2298a93f4e765226-1a5ffec-97b8ac3/	169	3	0	16	0	9
all-repos/squid-4965b3c667c391a8b927b53637bf9ddbb02fb505-e5c09be-95b8eae/	29	4	0	3	2	0
all-repos/squid-5aff5fce777cf808e7cee985bab6edb4368888ed-62c7f90-60b522a/	35	1	0	45	4	10
all-repos/squid-5c95b0efdffa09bd4be60757630fdd833a922d46-9b3ed82-4a485f7/	108	2	0	3	0	0
all-repos/squid-60b522a9e0cde1959e430b9e954a5dee876b2733-7e81de2-feca3b9/	38	1	0	30	4	0
all-repos/squid-626119ce6ae8cb032aa8ea95b38cbca67fd6626d-e6f9e7b-9e498bf/	663	2	0	3	35	0
all-repos/squid-6884ec405612a882def70b39768c06ba65042f02-1689cdb-02e1ed2/	41	4	0	17	0	2
all-repos/squid-7001b3d7f5c72d6f7477f6472b529a9805d85d73-35b3559-9ad528b/	37	2	0	0	1	0
all-repos/squid-74f35ca845c00f3b7a5bf97b23f19ce363fede25-0e5c14d-0806013/	14	3	0	0	0	0
all-repos/squid-7fb5be3e1ecbb04d42f8c2233cf15e251832d1e5-d3d92da-6884ec4/	17	1	0	0	0	0
all-repos/squid-82b85b20e0bd499ab71787e09806d5544627ae6a-4a10e5e-28d5fab/	5	0	0	1	0	0
all-repos/squid-86dedcc1a00161f4947f170167faba30e97b68f5-716aec7-b2b07b9/	48	2	0	1	0	0
all-repos/squid-89ce2444d3bfb0a5fb2d906aa1cf8f9938a24335-e5c6a33-8fdaa8a/	1	9	0	19	0	0
all-repos/squid-8ce6be3ff38a45cf2b902121d50067b679625477-d20ce97-d7e0f90/	3	1	0	0	0	0
all-repos/squid-8eeb87e6acf8bae4bb621128865d4ee4edd20dcf-09aabd8-0f658b5/	57	2	0	23	0	0
all-repos/squid-91ee0817f79140d848034828fdc263cdc79eabe2-7905e7b-8964d79/	166	5	0	26	0	14
all-repos/squid-94da12c862a7d2e6b0d941c030c5aefeba9a933c-1b2ae44-f7a2e5a/	34	1	0	12	6	0
all-repos/squid-9663db1c5b4d55566b19f220004aad2b0ee6c594-28d505b-abe0191/	81	2	0	2	0	0
all-repos/squid-9a5ac93dfd8dd7d38a362035c1ef021b3184a86f-0317d71-3985b3f/	96	1	0	50	2	0
all-repos/squid-a03bb6de316aacd36c6482b4c5691fbcc88699c6-363dc3f-9074278/	56	3	0	4	0	0
all-repos/squid-ac9cc05326e01c793e8ae429768c9563267c2ca2-c83f0bd-347ff0d/	64	3	0	3	0	0
all-repos/squid-b2b07b928b4caaadecc4059f99e33880e0089e3c-56290c5-4b20454/	47	1	0	2	0	0
all-repos/squid-b3167ca7fa3f871e5ed23fcaa36b8aec9c49a290-86faaab-6aab94f/	3	1	0	0	0	0
all-repos/squid-c29aceab95a573e8c46f977e5c735b9a540065c0-a6fa38f-810a542/	35	1	0	13	0	0
all-repos/squid-cdbe1812792e7aae68fcace4af0b59f2aab2f3ae-f709127-b959407/	6	1	0	0	0	0
all-repos/squid-cf69e4f2610f774a3f728ff07f716122e460aca9-180bd5c-d698d2a/	2	1	0	2	0	0
all-repos/squid-d570dc5327a14de7349facb96f0b3217ee98b4ac-52d2fdc-17802cf/	114	2	0	8	3	0
all-repos/squid-e28f3e9985a592ba6e2ca693050669700520d3be-fe22e93-dc283f2/	13	1	0	2	0	0
all-repos/squid-eb7e416ebf0be41624aaa4857b7e2414b76ec256-9a51593-2d33873/	48	1	0	1	0	0
all-repos/squid-ef04d94cb59d5a89cb2f9c97f544b08fbf61f13e-c24f7fb-3c320e6/	24	3	0	12	6	0
all-repos/squid-f77fbf5bad090598a3a6fe12e08dfc3f6c1815ad-414fa1a-4d15c64/	107	12	0	13	3	0
all-repos/squid-ff2b7a42b38ebea12cd7e77bf3a1799fc237fcb7-e20d485-702240e/	12	1	0	0	0	0
all-repos/the_silver_searcher-13075bb99f6369452b4bb5b0ef2e8f801c31e18a-9e7ad9d-42db5eb/	8	1	0	0	0	0
all-repos/the_silver_searcher-1a1c3fce7b87ecc4ff4b9a9b8b0ecc5c9c010bf9-fc6de67-2af06a8/	6	2	0	0	0	0
all-repos/the_silver_searcher-36754027ac4f44c1d4329ee2b4fa1b112b6c3e45-feca477-f3c1d86/	60	1	0	8	0	0
all-repos/the_silver_searcher-630125a9242ae20721959563fbd500635820b8a1-deb3e96-5ce4215/	36	1	0	7	0	0
all-repos/the_silver_searcher-7081236fc51bca512a119d6a4f3f8bec46f636f1-347d336-de1a600/	8	2	0	5	0	0
all-repos/the_silver_searcher-b4215ac1057adde21dbcc2b4f58f3b57d5fe7217-0d1d5fb-4175763/	25	1	0	9	0	0
all-repos/the_silver_searcher-f6199062f0ebf1e83802ad76f1dc0f621b0549e8-b64de8f-ee0e507/	2	1	0	0	0	0
all-repos/unrealircd-1dd5ebac075a356e84190c5051aa0fc45f9ac533-752a340-9485e61/	72	1	0	5	2	0
