js-repos/async-295b307c21028c8069ced8fe01a3d68700e15e0b-22a5354-75cb357/	41	3	0	0	0	0	3	0	0
js-repos/async-4351b56b951a193052df162f531d386b50ccdccc-5a8c60e-8696792/	3	1	0	0	0	1	0	0	0
js-repos/async-713cda968b801550271ba099d1cbba63b7edb01b-22e89cb-04dec37/	12	2	0	0	0	1	8	0	0
js-repos/async-914fa108489c03acf63447d4e7bab7573080af4a-c64997e-2a13d08/	3	2	0	0	0	0	4	0	0
js-repos/async-b321714e56faed526148342fb75d568f330fe2d0-83d3f73-ca85923/	45	1	0	0	0	0	6	0	0
js-repos/async-b9cc28973144a9e1a84184d9d0bf48749899bfd9-db9acac-01205e0/	12	4	0	1	0	5	268	0	0
js-repos/async-cbb0a422a91e7150428593f12686b7354dce2b7a-010c3a5-f3aec61/	3	1	0	0	0	0	0	0	0
js-repos/async-ec90dc184eb45dfa8bdede1b21b47da07709adc7-6663ac8-5d444b7/	4	1	0	0	0	0	0	0	0
js-repos/async-ed5de2217d52fc1c050b48c708b1197620ee0cec-88f675b-a6165ed/	4	4	0	0	0	1	1	0	0
js-repos/async-f01b3992fbe7aa2f4881152143608ad666aea1cc-e5ae810-49faae6/	4	1	0	0	0	0	0	0	0
js-repos/async-f7fec588ee9d53c22e2009a7e38e386c7d5b7ce4-a472964-912d36b/	0	1	0	0	0	0	0	0	0
js-repos/axios-093593cbcafa0d829e3d84e363bc76c0c961996e-da62e87-a04077a/	21	1	0	0	0	0	4	0	0
js-repos/axios-11c12b2c65cecfd9f0ef17a7392177bdc8f6df90-a768ac0-433dd0d/	15	1	0	0	0	0	0	2	2
js-repos/axios-433dd0d0371a2fdc4903aabf1d41c9dd1615b6dd-1eac0b1-7fa6915/	3	1	0	0	0	0	0	2	2
js-repos/axios-68ec2abc4a74777f746824b5595d58e07b44c119-4545b08-84b0684/	3	1	0	0	0	0	0	0	0
js-repos/axios-8c1694e821bcee2d7968612b1a75e1b49c8092a9-84755d1-261e416/	43	2	0	0	0	17	26	0	0
js-repos/axios-affe3aaa9a3673f58d8e521dc7d3875fd64c1c97-3d65057-2e4c928/	4	1	0	0	0	2	2	0	0
js-repos/axios-b8f6f5049cf3da8126a184b6b270316402b5b374-216e2a6-b718ebf/	10	1	0	0	0	0	7	0	0
js-repos/bluebird-210837c262a15a2b9564565768e867dbd63345c9-060e2b7-0f87c28/	6	1	0	0	0	0	1	0	1
js-repos/bluebird-5ac9b06b3fe6f5daf1a07fc040ecadee84872b5c-ce25284-28670fb/	19	2	0	0	0	117	1	0	0
js-repos/bluebird-6a485e83223370d63dea92f66381e5864ca5d7ee-178979a-aa728cd/	21	1	0	0	0	0	1	1	1
js-repos/bluebird-871e56ee7df4842473e977fd854a588764dcb27f-d9da63a-471315c/	14	3	0	0	0	0	0	0	0
js-repos/bluebird-bd750974269dcbf7a8ab4cb50e35995ce4a70e2b-9074a9f-c2f0f44/	0	4	0	0	0	0	0	0	0
js-repos/bluebird-d9da63ac4370c8e9419318fea44bcb8b473f4b9a-b8e7896-39a650d/	12	3	0	0	0	0	1	0	0
js-repos/bluebird-f342aa0403e8c14fec2a145f3ab64867fb5a91c7-2743055-b4ebb10/	5	1	0	0	0	0	5	0	1
js-repos/classnames-0469d5f38e4a6ea6fab9fb946bf9043122de9666-decb0ca-2a07e33/	2	1	0	0	0	0	0	0	0
js-repos/colors.js-9f3ace44700b8e705cb15be4767845c311b3ae11-ca0c69f-7176fc3/	5	1	0	0	0	0	0	0	1
js-repos/colors.js-e49356a4c25a65909f41c20556472f57d402e0b7-9310a89-7585d23/	1	1	0	0	0	0	1	0	0
js-repos/commander.js-41fdf8924a3527872b1013dcaca761f003950f96-ba74d56-4788f70/	4	2	0	1	0	0	1	0	0
js-repos/commander.js-534c63a55990c56090f5c05cca897985033331d7-d17cf57-ebdd789/	4	1	0	0	0	0	0	0	0
js-repos/express-01866594694e6ece82012cf1bad3f0c716bf7b37-327d5b0-7e92012/	13	1	0	0	0	0	2	2	2
js-repos/express-0554cbb75869a10efe91125bff8c4cdfde6f658d-3ec970b-3777bfd/	3	1	0	0	0	0	0	0	0
js-repos/express-07bfe7a318f80ff53cb161feba21180d9908dc1f-278d7ae-8c520d4/	0	1	0	0	0	0	0	0	0
js-repos/express-15beb813688820eb1ce5a1acccc1d732a10be5c2-b8833f4-57f4978/	5	0	0	1	0	1	1	0	5
js-repos/express-480d0064e12159962b00cb3b7328931135e1ab23-0ebebd8-ab75fa0/	7	1	0	0	0	0	0	0	1
js-repos/express-5cf29a3d2906e8f2218ab1febbef392bb4925b14-c852693-763be5e/	6	1	0	0	0	0	0	0	0
js-repos/express-62257bce187ae673940fa59da2a06ca2b7d0729b-42fc0f9-860b4f1/	3	1	0	0	0	55	1	0	0
js-repos/express-7459e7d0750a4a8647294e4af35dab43dc57028f-36fbbeb-689afd3/	5	3	0	2	0	0	0	6	19
js-repos/express-8207e7088f03d3200985e5a6fa3f3687c677179e-704c933-b766234/	6	1	0	0	0	0	0	0	0
js-repos/express-85755e32d9d262db702bee84830462b5275c27e4-51f960f-b2311c7/	92	3	0	0	0	24	35	0	0
js-repos/express-916c53737d97b605385f9b5235a3a890f864c6bb-11c74d7-928952e/	91	6	0	0	0	17	19	0	0
js-repos/express-ba5c48aa864202ae9962a4bb7d5b570efa9caa44-37239fb-1f14734/	1	1	0	0	0	0	0	0	0
js-repos/express-ce9416857ba4f5a23f0f82c427dbd84915e072ef-6469046-5e74723/	19	1	0	0	0	3	1	0	1
js-repos/express-d5815922caca984435cbd4d75aeaf12afe73b8cb-4b646c2-dc31ea3/	6	1	0	0	0	0	0	0	0
js-repos/express-dc31ea34b858f94b79690573db3f2fd632074a94-bc9bcb0-f7be983/	114	10	0	0	0	18	12	0	0
js-repos/express-f498b660da4cc954a5921d50407cf7a790e8a378-81036aa-fd27f1f/	18	1	0	0	0	0	3	0	0
js-repos/express-f7be983a7718d4b6a74bd5d6ba7a6073ae3bfa6a-31b2e2d-b91cd66/	57	39	0	0	0	17	13	1	1
js-repos/express-f881784e9b762996be802c249ad8dc72889e9650-c361a06-73c5533/	92	2	0	0	0	17	15	0	0
js-repos/generator-53eafa6c25cc6ee3d81932f35692bed410042099-1b0bfe1-755f2fd/	11	1	0	0	0	0	0	0	0
js-repos/moment-0b1a46b844d28b23a2b474d20c63e420afbba4e5-021e303-d984073/	6	1	0	0	0	0	1	0	0
js-repos/moment-1529fab61d9703c3b3027939ad42bf8288f1cad0-bbeeeb6-f725c23/	54	1	0	0	0	0	2	0	0
js-repos/moment-22176d500f19ab9beb255498ca280dbdf69a7ff2-d9959ad-cd89331/	11	6	0	0	0	0	1	0	0
js-repos/moment-294685a55a971e3f27291a3659f2708e9a210204-0afd515-73819d0/	89	29	0	1	0	2	4	2	21
js-repos/moment-2daf097f9a785e879c12f534ddbec08354cc371f-fd8da1c-c18830e/	1	1	0	0	0	0	1	0	0
js-repos/moment-35efaf633569f1a354e217ccfb3c7813f7b72a59-a86a20c-0268d5d/	5	1	0	0	0	0	0	0	0
js-repos/moment-4e44dd43c377b14646e457e70cc0ebfbfc4dcc04-5e95d7a-e9432ea/	93	2	0	0	0	4	2	1	0
js-repos/moment-609ebef6460ef7fc00167b3734420862beb138d8-98cd46a-0a34591/	52	3	0	1	0	1	2	0	2
js-repos/moment-618441a45f2937d9294e92f73d624f5a7d0ffe1a-635bd20-4996b6b/	75	1	0	0	0	0	0	0	0
js-repos/moment-6ef3e64f6c259c21c4616460806294a77d5ef1f7-4970006-ae013f9/	13	10	0	0	0	0	0	0	7
js-repos/moment-81dc67b47b1070c46bd0f01fd555d0549eac29fd-61ff1c3-5a99019/	90	1	0	0	0	0	8	4	27
js-repos/moment-81dc67b47b1070c46bd0f01fd555d0549eac29fd-bdbd38b-71c6831/	103	6	0	0	0	0	0	13	53
js-repos/moment-86920d99b1f04bba3543159d90cb7557c0a90787-902670a-b518149/	16	1	0	0	0	0	7	0	1
js-repos/moment-86920d99b1f04bba3543159d90cb7557c0a90787-a789a23-9564ea1/	22	2	0	0	0	0	1	0	10
js-repos/moment-8a5a4735848703b22be655a83f3d9819479cc7a6-8745eb7-d75cdac/	27	4	0	0	0	0	3	0	3
js-repos/moment-8dbd8024572058fb3b0d10b8b8a952a46785b998-468dd02-b3e05bf/	9	1	0	0	0	0	1	0	5
js-repos/moment-8de8f3ad548a3d6e207e96c053ffa2ff6944291c-6b179d2-ea2ab37/	127	1	0	0	0	2	17	0	0
js-repos/moment-92817ba069f8b0b377303db0f00ea559f7ddee8a-febd447-b21d427/	39	1	0	0	0	5	18	0	3
js-repos/moment-9a0b3b1ab035952504c9e20e3db744ba6641b50a-26a0127-fbbd3eb/	3	1	0	2	0	1	2	0	0
js-repos/moment-9a54ac57de425f0a2b7a89b91a4c657304ea1a82-c4c9175-6ab0137/	60	2	0	0	0	56	0	0	0
js-repos/moment-9acd38fcff7c996200ac0e4df49b5ca9737940f0-1c50b98-3b24dc5/	109	0	0	1	0	0	3	0	0
js-repos/moment-a0857cd56fcec6de35d14456dc1db311e6011172-3eecad8-af597b2/	32	40	0	0	0	2	1	0	0
js-repos/moment-ae013f9035b84ea2d4ae2c991e4608211e9e7b3a-d27c355-c018776/	66	17	0	0	0	0	3	0	9
js-repos/moment-aea66a8c468184646bdfc604ec703499471bbb70-2cbad13-50beb2e/	0	1	0	0	0	0	0	0	0
js-repos/moment-b21d4273a208808bce0b7887194d61e3c19f6985-ce7caad-f253f81/	18	10	0	2	0	5	15	0	1
js-repos/moment-b661e8dbe232ccc04780ec09a607e86403ac9a38-7740b99-be6b2ca/	39	1	0	0	0	5	16	0	0
js-repos/moment-b661e8dbe232ccc04780ec09a607e86403ac9a38-fffd06d-be6b2ca/	41	1	0	0	0	0	5	0	0
js-repos/moment-c09f334ec541c26012423b3bb9973fc724c17f1f-609ebef-37e1c26/	11	2	0	2	0	0	4	0	1
js-repos/moment-c40912d1cafda3961c97885aaa1b5191b04ea529-e70315d-7693a7c/	125	1	0	0	0	0	0	0	5
js-repos/moment-d15943e3130c450b0f819990643d97a33ee1dbff-71b2442-2c494a7/	5	4	0	0	0	0	0	0	1
js-repos/moment-d3f7978fbfe3d448aa8326d7392b15a7b958b109-60bfa24-0bcf8d1/	1	1	0	0	0	0	0	0	0
js-repos/moment-f253f811dd880107b49b1ea41c87981ff1b6f0ee-0c444f6-1445773/	80	4	0	0	0	6	23	0	0
js-repos/moment-f253f811dd880107b49b1ea41c87981ff1b6f0ee-f4292c4-1fca58d/	0	1	0	0	0	0	0	0	0
js-repos/moment-f38f021200d1237ff65d0be9671ea384b36f5a5c-d620e68-d7b5264/	6	2	0	0	0	0	4	0	0
js-repos/node-uuid-b68db99ddfae743dc7cb37440c93161ea985f58d-78c8a46-42285ed/	2	2	0	0	0	0	0	0	0
js-repos/prop-types-86e7ed21cb9e56563a07f0cf519f7b5c776d2c99-f59b9db-8b3d352/	5	1	0	0	0	1	6	0	0
js-repos/request-25ee80fd8e66c3c3991249ab47841d23c6e97b6a-d7ed0a5-a2c9ec7/	18	1	0	0	0	0	0	0	3
js-repos/request-39688bea3b39ae5b0a754a49c18f7855de5d1cd3-e128420-f6027e9/	4	1	0	0	0	0	0	0	0
js-repos/request-49d8a6843aae446ac42ce79a2b5538a71d58d544-bd3e62b-3edf8d8/	47	1	0	0	0	7	9	0	0
js-repos/request-51a11d97120d551a55e0c5c19e7588d03d33945d-07e2b54-5f48667/	0	1	0	0	0	0	0	0	0
js-repos/request-51a11d97120d551a55e0c5c19e7588d03d33945d-ba2b04e-29bd3bd/	0	1	0	0	0	0	0	0	0
js-repos/request-51a11d97120d551a55e0c5c19e7588d03d33945d-c603222-9f02ff8/	0	1	0	0	0	0	0	0	0
js-repos/request-51a11d97120d551a55e0c5c19e7588d03d33945d-caf0fca-608fd2b/	0	1	0	0	0	0	0	0	0
js-repos/request-7092c68caeb217900934190dd9c6ce8410e68c98-37e2268-90fbd7c/	11	1	0	0	0	0	0	0	1
js-repos/request-998552abe3d761ff56a43eea03e63c4b6b4280d6-655d05c-488fc47/	5	1	0	0	0	0	0	0	0
js-repos/request-a79227f8d66e4403ba120d71853d93badafbd3ac-77cd1cb-cbe4e8a/	1	1	0	0	0	0	0	0	0
js-repos/request-b6381854006470af1d0607f636992c7247b6720f-53c1508-ee6cc6e/	3	1	0	0	0	0	0	0	2
js-repos/request-cbe4e8a5bcdeb7b00a602906f1f483125afb9ce0-d15e9da-c78df4b/	3	2	0	0	0	0	0	0	0
js-repos/request-f0acc0b3e0bbc8a57d3418ab93eadbf162089514-cf37d84-604c0ab/	0	1	0	0	0	0	1	0	1
js-repos/rxjs-01eefff2132f29dfe51476782c3e7f2db48f88f2-40852ff-7cda94d/	65	1	0	0	0	0	6	0	4
js-repos/rxjs-0b732085000f4181c9b10afa1ee4de8104a9338d-608353d-a03a50c/	26	2	0	1	0	1	11	0	0
js-repos/rxjs-3e9d5295f118c29193f88ea825902ac359901119-cc4fb94-a435e86/	242	1	0	0	0	361	3892	0	0
js-repos/rxjs-5ae929b0a4c16c2b017f8c3bed236ec16ca43d25-d19f69d-f6318d6/	12	1	0	0	0	0	1	0	1
js-repos/rxjs-7bb8280181bf1d5b0a2d3338ede8bea5e30f64c7-ae9b17f-01e260a/	97	107	0	0	0	0	27	0	0
js-repos/rxjs-7bb8280181bf1d5b0a2d3338ede8bea5e30f64c7-f86c862-b1d1c19/	193	1	0	0	0	0	9	0	10
js-repos/rxjs-b6907fcdbbd78cae5938386cd999861e4e98f352-864868d-0173a49/	24	1	0	0	0	0	0	0	0
js-repos/rxjs-c5d84c4f969f69c2246ba7136e009ddd60231d3b-3ff2465-f754ead/	1	12	0	0	0	0	0	0	0
js-repos/through2-c67b2ada7b9fa61935f7463c8c850befe896dc14-ae461af-f99d165/	2	1	0	0	0	2	0	0	0
js-repos/tslib-0a43c5c4d246b569178ff41b71313f63a9c8fa58-5c203ae-ee3bc0d/	2	3	0	0	0	0	0	0	0
js-repos/tslib-2169db32dad04592b79472ce003cdd161da99f9a-ce64e76-664aef7/	2	1	0	0	0	0	0	0	0
js-repos/tslib-a0f0cd6f665f172fd49c6405f8ddeeb71459f175-ee86b0c-53f2f16/	4	1	0	0	0	0	0	0	0
js-repos/tslib-d0078f4e7c904c8136395ee8b6b039f4e8c161da-2802911-7be96d3/	2	3	0	0	0	0	0	0	0
js-repos/underscore-29631f4e29557dc4353a2b190300516ed4583083-8c7d55e-dd963f4/	2	1	0	0	0	0	0	0	0
js-repos/underscore-2a17f257712cedb862118316808353bd9b858cef-145877d-b66ec8a/	5	1	0	0	0	0	0	0	0
js-repos/underscore-4821bed2284b9b922abc8495e4b540c30143ce30-362d2a0-c6bbe17/	16	2	0	0	0	1	2	0	0
js-repos/underscore-7d546b8ab669fb37b42ce66abcbdc3f87f5081bc-d19e1f0-3f81031/	11	0	0	0	0	0	1	0	0
js-repos/underscore-807a126ed8122806b20393ff6e7924951cde38ea-6e4e40e-1ec089c/	10	1	0	0	0	0	0	0	1
js-repos/underscore-ad5b518d8fffdb3963359aa29e1abfa941f8abdb-e04e9bf-9169568/	6	1	0	0	0	0	0	0	0
js-repos/underscore-c5b8eca5edc096974821bcdeaa29aea26b31c007-9fd0d8d-362d2a0/	0	1	0	0	0	0	0	0	0
js-repos/underscore-df4e5c276eee92b2c28c7ad9df42f1dcc366e59a-de114aa-9f8ec11/	3	1	0	0	0	0	0	0	0
js-repos/underscore-e53004e36869103b3b0949295808b9f1382decb3-a4e4a73-0c3ef4a/	2	1	0	0	0	0	1	0	0
js-repos/underscore-ef3de07094306f93b7c4da0ed5c269a9b155cc03-ccd7ef6-3a1e83d/	11	2	0	0	0	3	0	0	0
js-repos/yargs-13ed545c545fa647c0232915943cd13c3ce9dce1-e855af4-d0bf951/	5	1	0	0	0	0	0	0	1
js-repos/yargs-b61c69e5a92f37df43cc0d7e662c4625b9975864-889a2b2-5b74b00/	4	1	0	0	0	0	1	0	1
js-repos/yargs-d5da5eb9c73c433ce7ed3ffda10a4a612184514d-ea14630-6655688/	0	2	0	0	0	1	2	0	1
